-0.640058182488748 -0.330677752299084
-0.330677752299084  0.640058182488748
 0.290257075055519 -0.374108511375393
-0.374108511375393 -0.290257075055519
 0.096731365006289  0.298405718960891
 0.298405718960891 -0.096731365006289
-1.106999428692716 -1.078968706316692
-1.078968706316692  1.106999428692716
-1.432361398602753 -0.550667214034932
-0.550667214034932  1.432361398602753
 0.504723848897801  1.907775339144064
 1.907775339144064 -0.504723848897801
-0.383247603445217 -1.315820473635777
-1.315820473635777  0.383247603445217
-0.405887166582848  0.267681856059418
 0.267681856059418  0.405887166582848
 0.374062531501613  0.807715524464961
 0.807715524464961 -0.374062531501613
