 0.008452350716431 -0.018772047987605
-0.005514506578195 -0.000827990720595
-0.001200774230230  0.010551182062645
 0.000087420292476 -0.013005055770453
-0.004899776118894 -0.007730263045076
 0.002530220188678 -0.006152533882382
-0.008273195046967 -0.001681566512010
 0.002365054422173  0.004065895049174
-0.020243432965035  0.004328148965720
 0.002324309100910  0.006103412962772
-0.002499267825946  0.006412713854867
-0.001861204304917 -0.000681462173432
 0.017673055229951  0.001974961892669
 0.005318765303601 -0.009500575230202
-0.002857877844163  0.002711399846372
 0.004803116820366 -0.004356792157971
-0.000757559099791 -0.008288565283387
 0.002570562571670 -0.002598440900218
