-0.000001881436062 -0.000001217853099
-0.000001217853099  0.000001881436062
-0.000011773329374 -0.000007500325360
-0.000007500325360  0.000011773329374
 0.000002160115398  0.000000800052945
 0.000000800052945 -0.000002160115398
 0.000001591353041  0.000000035517370
 0.000000035517370 -0.000001591353041
 0.000007825505197  0.000003302589251
 0.000003302589251 -0.000007825505197
-0.000001736489400 -0.000001868818375
-0.000001868818375  0.000001736489400
-0.000000511259511 -0.000002400663183
-0.000002400663183  0.000000511259511
-0.000006782362529 -0.000005163946930
-0.000005163946930  0.000006782362529
-0.000002797115992 -0.000001794057870
-0.000001794057870  0.000002797115992
