-2.264300268067118 -4.401038216410920
-4.401038216410920  2.264300268067118
-6.333930659361054  6.311877074771409
 6.311877074771409  6.333930659361054
 2.075037349040230 -0.301195232365803
-0.301195232365803 -2.075037349040230
-1.421367690696701  1.107863460151800
 1.107863460151800  1.421367690696701
 7.334862271943855  2.246469898736813
 2.246469898736813 -7.334862271943855
 7.585363434042659  5.542599639993631
 5.542599639993631 -7.585363434042659
 2.974316898775892  0.888373913297651
 0.888373913297651 -2.974316898775892
-0.589845480653107 -1.642193258623347
-1.642193258623347  0.589845480653107
-1.288707999514396  2.903981405249795
 2.903981405249795  1.288707999514396
