-0.000002345765914 -0.000001537081412
-0.000001537081412  0.000002345765914
-0.000014701627334 -0.000009430951071
-0.000009430951071  0.000014701627334
 0.000002806717808  0.000000834500700
 0.000000834500700 -0.000002806717808
 0.000002171689232 -0.000000244996391
-0.000000244996391 -0.000002171689232
 0.000010090121528  0.000003653378953
 0.000003653378953 -0.000010090121528
-0.000002025056326 -0.000002574752673
-0.000002574752673  0.000002025056326
-0.000000245771563 -0.000003635065083
-0.000003635065083  0.000000245771563
-0.000008309969957 -0.000006743500424
-0.000006743500424  0.000008309969957
-0.000003490529013 -0.000002259421835
-0.000002259421835  0.000003490529013
