-41.386968939784573 -14.505182371507249
-14.505182371507249  41.386968939784573
-44.871020851180148 -15.687890861347469
-15.687890861347469  44.871020851180148
 21.425398943432540   7.500179747026000
  7.500179747026000 -21.425398943432540
-11.242461501445833  -3.932249998873305
 -3.932249998873305  11.242461501445833
 88.346561928826958  30.938694265115515
 30.938694265115515 -88.346561928826958
 103.625191936573088   36.299290349694935
  36.299290349694935 -103.625191936573088
 35.743961023650989  12.517354669265353
 12.517354669265353 -35.743961023650989
-12.671118657001877  -4.441956908415980
 -4.441956908415980  12.671118657001877
-2.958759783283351 -1.025833856810855
-1.025833856810855  2.958759783283351
