-0.000140219288965 -0.000075589574958
-0.000075589574958  0.000140219288965
-0.000858903708552 -0.000494148368102
-0.000494148368102  0.000858903708552
 0.000069034579332  0.000191724760439
 0.000191724760439 -0.000069034579332
-0.000034125123989  0.000238141647385
 0.000238141647385  0.000034125123989
 0.000312393168314  0.000623379981705
 0.000623379981705 -0.000312393168314
-0.000243689285234  0.000060544353683
 0.000060544353683  0.000243689285234
-0.000356131693034  0.000342315406223
 0.000342315406223  0.000356131693034
-0.000624337260748 -0.000136887573332
-0.000136887573332  0.000624337260748
-0.000205918264906 -0.000115278334804
-0.000115278334804  0.000205918264906
