  (0.467069220580707,0.000000000000000)  (0.373618236205569,-0.703846813857951)  (0.660772896501165,-0.656347160441424)  (0.216933055043572,-0.411061831258102)
  (0.373618236205569,0.703846813857951)   (0.463151661909240,0.000000000000000)  (0.468877781433583,-0.214406399868554)  (-0.083508320715370,0.345723917301915)
  (0.660772896501165,0.656347160441424)   (0.468877781433583,0.214406399868554)   (0.419460808767514,0.000000000000000)   (0.534259016625307,0.408072961045205)
  (0.216933055043572,0.411061831258102) (-0.083508320715370,-0.345723917301915)  (0.534259016625307,-0.408072961045205) (-1.349681691257461,-0.000000000000000)
 (-0.557096702632986,0.000000000000000) (-0.155331204457103,-0.178277425341747)   (0.459507907796942,0.327276426396794)   (0.016789722499914,0.366596325096234)
 (-0.155331204457103,0.178277425341747)  (-0.583479024799509,0.000000000000000) (-0.566106702769933,-0.122943110837218)  (-0.063181839841018,0.503540621218153)
 (0.459507907796942,-0.327276426396794)  (-0.566106702769933,0.122943110837218)   (0.330453758429531,0.000000000000000)  (-0.276856130897656,0.264558941871951)
 (0.016789722499914,-0.366596325096234) (-0.063181839841018,-0.503540621218153) (-0.276856130897656,-0.264558941871951)  (0.810121969002964,-0.000000000000000)
  (0.892213804965500,0.000000000000000) (-0.657623826885669,-0.355942420241675)   (0.020437211306963,0.451188957179485)  (-0.113345047152975,0.371526388460211)
 (-0.657623826885669,0.355942420241675)  (-0.057481379377158,0.000000000000000)  (-0.016097844314120,0.092130482805551)   (0.129663478255343,1.071621604107964)
 (0.020437211306963,-0.451188957179485) (-0.016097844314120,-0.092130482805551)  (-0.675864538839333,0.000000000000000) (-1.025843102980502,-0.379742689887077)
(-0.113345047152975,-0.371526388460211)  (0.129663478255343,-1.071621604107964)  (-1.025843102980502,0.379742689887077) (-0.158867886749009,-0.000000000000000)
 (-0.324421033361405,0.000000000000000) (-0.128498261874692,-0.034862320901327) (-0.004550824838762,-0.494444868249699)  (-0.784882615739230,0.345413494722292)
 (-0.128498261874692,0.034862320901327)  (-0.476346443210972,0.000000000000000)   (0.464769153527283,0.861550343340248) (-0.701616114830104,-0.522951936289609)
 (-0.004550824838762,0.494444868249699)  (0.464769153527283,-0.861550343340248)   (0.226655300855834,0.000000000000000)   (0.602925532768788,0.604639787899864)
(-0.784882615739230,-0.345413494722292)  (-0.701616114830104,0.522951936289609)  (0.602925532768788,-0.604639787899864)  (0.574112175716543,-0.000000000000000)
  (0.243205539163318,0.000000000000000) (-0.736751924258614,-0.136986950140709)  (-0.897088971972933,0.109659569459247)   (0.559350964487854,1.009533269281893)
 (-0.736751924258614,0.136986950140709)   (0.047360325410540,0.000000000000000)  (-0.151698654633537,0.103272638067837)   (0.118891751012305,0.026851222858180)
(-0.897088971972933,-0.109659569459247) (-0.151698654633537,-0.103272638067837)  (-0.098784573728677,0.000000000000000)  (0.021222787786315,-0.359495935018461)
 (0.559350964487854,-1.009533269281893)  (0.118891751012305,-0.026851222858180)   (0.021222787786315,0.359495935018461) (-0.191781290845181,-0.000000000000000)
 (-0.042235518334503,0.000000000000000)  (0.670079994537330,-0.103608575449973)   (1.270941775228579,0.155733264858231) (-0.476608154665443,-0.552213418207585)
  (0.670079994537330,0.103608575449973)  (-0.000525739110042,0.000000000000000)  (-0.088451248724148,0.089126520431433) (-0.607653280998789,-0.551049399075240)
 (1.270941775228579,-0.155733264858231) (-0.088451248724148,-0.089126520431433)  (-0.094852770469797,0.000000000000000)  (-0.153580983178162,0.395668229176012)
 (-0.476608154665443,0.552213418207585)  (-0.607653280998789,0.551049399075240) (-0.153580983178162,-0.395668229176012)  (0.137614027914342,-0.000000000000000)
  (0.175070375750587,0.000000000000000)   (0.225608113648994,0.022740349427883)   (0.095997036385459,0.841592473547146)  (0.410023398022384,-0.643762006516600)
 (0.225608113648994,-0.022740349427883)   (0.479905535706776,0.000000000000000) (-0.070413739585057,-0.032806483773439)  (-0.399039674856995,0.025079486124219)
 (0.095997036385459,-0.841592473547146)  (-0.070413739585057,0.032806483773439)  (-0.056074817935619,0.000000000000000)   (0.906708092385037,0.296376387532528)
  (0.410023398022384,0.643762006516600) (-0.399039674856995,-0.025079486124219)  (0.906708092385037,-0.296376387532528) (-0.598901093521745,-0.000000000000000)
 (-0.278744854863968,0.000000000000000) (-0.163204899241407,-0.225020542682245) (-0.477228376627976,-0.030709606574618)  (0.747961752277030,-0.490186480710740)
 (-0.163204899241407,0.225020542682245)   (0.008778307480172,0.000000000000000)  (0.129902250325862,-0.063782730515144)   (0.396085963684685,0.400790092932639)
 (-0.477228376627976,0.030709606574618)   (0.129902250325862,0.063782730515144)  (-0.255269253095954,0.000000000000000) (-0.087986069960212,-0.391745863599178)
  (0.747961752277030,0.490186480710740)  (0.396085963684685,-0.400790092932639)  (-0.087986069960212,0.391745863599178)  (0.525235800479751,-0.000000000000000)
  (0.775906436806695,0.000000000000000)  (-0.054444412765564,0.221499023170673)  (-0.328143219145454,0.117590195465210)  (0.050314952090234,-0.287276325924431)
(-0.054444412765564,-0.221499023170673)  (-0.376960494465613,0.000000000000000) (-0.447915154831877,-0.347533600145796)   (0.462250554560900,0.093581554870631)
(-0.328143219145454,-0.117590195465210)  (-0.447915154831877,0.347533600145796)  (-0.902813084383249,0.000000000000000)  (-0.176009654684213,0.337481956532569)
  (0.050314952090234,0.287276325924431)  (0.462250554560900,-0.093581554870631) (-0.176009654684213,-0.337481956532569)  (0.503867142042167,-0.000000000000000)
