  (0.734592611335021,0.000000000000000)   (1.018928772727272,0.146126597574881)  (-2.265909181226821,2.340093555510232)  (1.365740663308860,-0.716017115399130)
 (1.018928772727272,-0.146126597574881)  (-5.162185810762121,0.000000000000000) (-4.250270220980579,-2.030204031865572)   (4.871150645159753,4.458989076110507)
(-2.265909181226821,-2.340093555510232)  (-4.250270220980579,2.030204031865572)   (2.533307856476629,0.000000000000000)  (-1.105510030599913,0.986306513866334)
  (1.365740663308860,0.716017115399130)  (4.871150645159753,-4.458989076110507) (-1.105510030599913,-0.986306513866334)   (1.894285342950471,0.000000000000000)
  (2.024384665503811,0.000000000000000)  (0.826936924322514,-0.913231319159731)  (-4.282052828697906,0.072700014927549)  (-0.563909182319338,0.140412357707030)
  (0.826936924322514,0.913231319159731)  (-0.225406180191160,0.000000000000000)  (2.921309295843115,-0.476024865066098)  (0.156969562980561,-1.833027224151647)
(-4.282052828697906,-0.072700014927549)   (2.921309295843115,0.476024865066098)  (-1.523200785091813,0.000000000000000)  (0.283137114372623,-0.225467269109352)
(-0.563909182319338,-0.140412357707030)   (0.156969562980561,1.833027224151647)   (0.283137114372623,0.225467269109352)  (-0.275777700220839,0.000000000000000)
  (2.916424849815043,0.000000000000000)  (1.427152621575631,-0.553724746560425)  (-0.968737601684022,4.065293018584659)  (-2.366384390082799,1.202419081606133)
  (1.427152621575631,0.553724746560425)   (1.472494889274577,0.000000000000000) (-1.160679392242890,-1.077978872230455)   (3.404335111319575,0.787582023478123)
(-0.968737601684022,-4.065293018584659)  (-1.160679392242890,1.077978872230455)  (-1.358760356543395,0.000000000000000)   (1.280629850543566,1.031867436831548)
(-2.366384390082799,-1.202419081606133)  (3.404335111319575,-0.787582023478123)  (1.280629850543566,-1.031867436831548)  (-3.030159382546225,0.000000000000000)
 (-2.146297001837252,0.000000000000000)   (0.812524173213489,0.545541813735613)  (3.744782686524940,-1.284771136369946) (-0.772403576087523,-6.605660127895682)
 (0.812524173213489,-0.545541813735613)   (2.388100622064345,0.000000000000000) (-2.734855220745404,-4.589491845208802)  (1.464133076748026,-1.990545945180192)
  (3.744782686524940,1.284771136369946)  (-2.734855220745404,4.589491845208802)  (-1.036106816952810,0.000000000000000)   (4.930173655303857,0.446479933294802)
 (-0.772403576087523,6.605660127895682)   (1.464133076748026,1.990545945180192)  (4.930173655303857,-0.446479933294802)   (0.794303196725717,0.000000000000000)
  (1.093020335502565,0.000000000000000)  (3.157314616164194,-1.325525904878830) (-4.891838747310071,-2.047943648803581) (-2.586398613308183,-1.663094808509031)
  (3.157314616164194,1.325525904878830)   (0.045388276668049,0.000000000000000)  (0.592464534782373,-2.893605876550519) (-4.682782407175018,-2.029393376689528)
 (-4.891838747310071,2.047943648803581)   (0.592464534782373,2.893605876550519)  (-4.312263373760739,0.000000000000000)  (-1.718689126193321,0.961799918922666)
 (-2.586398613308183,1.663094808509031)  (-4.682782407175018,2.029393376689528) (-1.718689126193321,-0.961799918922666)   (3.173854761590125,0.000000000000000)
 (-3.884460049972180,0.000000000000000)  (-1.987877125411846,4.596452840112745)   (0.528485597530137,0.286779851001669)  (3.761194383427056,-3.680678629119203)
(-1.987877125411846,-4.596452840112745)  (-0.825678474002789,0.000000000000000)  (0.664704505930446,-0.679794722743161)   (2.953455038301276,0.020322850619178)
 (0.528485597530137,-0.286779851001669)   (0.664704505930446,0.679794722743161)   (2.542528936241188,0.000000000000000)   (2.269331825969225,0.050737757568929)
  (3.761194383427056,3.680678629119203)  (2.953455038301276,-0.020322850619178)  (2.269331825969225,-0.050737757568929)   (2.167609587733781,0.000000000000000)
 (-1.976945012079226,0.000000000000000)  (-3.311858192372158,1.838227400759509) (-2.518947739945286,-1.944340433796923)   (1.971390787553980,1.418589067115349)
(-3.311858192372158,-1.838227400759509)   (3.992313036099140,0.000000000000000) (-5.106950816462317,-1.883546185960625)  (0.451041063662974,-4.585349931270281)
 (-2.518947739945286,1.944340433796923)  (-5.106950816462317,1.883546185960625)   (1.512559151085479,0.000000000000000)   (1.815684701860871,2.631847417716197)
 (1.971390787553980,-1.418589067115349)   (0.451041063662974,4.585349931270281)  (1.815684701860871,-2.631847417716197)  (-3.527927175105394,0.000000000000000)
 (-1.067181755296094,0.000000000000000)  (2.033457409649409,-0.844605200982509)   (1.148440177525084,0.501028466848391) (-1.818370574658903,-0.087459138898808)
  (2.033457409649409,0.844605200982509)   (5.576317217069219,0.000000000000000)  (-1.039429092615992,1.506963754310495) (-5.879185592923777,-2.919134003141104)
 (1.148440177525084,-0.501028466848391) (-1.039429092615992,-1.506963754310495)  (-6.172930742097582,0.000000000000000)  (-1.551764969590519,0.823090636490109)
 (-1.818370574658903,0.087459138898808)  (-5.879185592923777,2.919134003141104) (-1.551764969590519,-0.823090636490109)   (1.663795280324456,0.000000000000000)
  (0.994647932431179,0.000000000000000) (-3.978569930760339,-1.506674383345307) (-1.244822894954042,-1.331672801478012)  (3.822629648295696,-0.475318699344944)
 (-3.978569930760339,1.506674383345307)  (-4.409081508099037,0.000000000000000)  (2.255638511983040,-3.212371177532480)  (-2.203743543744793,2.240072696523096)
 (-1.244822894954042,1.331672801478012)   (2.255638511983040,3.212371177532480)   (0.871538743066832,0.000000000000000)   (0.117627789731659,1.220976277597236)
  (3.822629648295696,0.475318699344944) (-2.203743543744793,-2.240072696523096)  (0.117627789731659,-1.220976277597236)   (2.542894832601026,0.000000000000000)
