  (0.340491353553746,0.000000000000000)  (0.263826963204198,-0.627313448147424)  (-0.461039902438198,1.286993509563681) (-0.634431156655561,-0.381827550715631)
  (0.263826963204198,0.627313448147424)   (0.417708492049062,0.000000000000000)   (0.986266199581463,0.184619848211823)  (0.639529965983177,-1.336324430433089)
(-0.461039902438198,-1.286993509563681)  (0.986266199581463,-0.184619848211823)  (-0.282187969470097,0.000000000000000) (-0.509929048736575,-0.287392193417712)
 (-0.634431156655561,0.381827550715631)   (0.639529965983177,1.336324430433089)  (-0.509929048736575,0.287392193417712)  (-0.476011876132711,0.000000000000000)
 (-1.177171697150593,0.000000000000000) (-0.036138095775631,-1.007889343021998)  (-0.589715695578903,1.270465009388803) (-0.258730196645804,-0.446276664642044)
 (-0.036138095775631,1.007889343021998)  (-0.971566275601641,0.000000000000000)  (-0.673539566841867,0.274748341136181)  (0.017753558233938,-0.490455977362169)
(-0.589715695578903,-1.270465009388803) (-0.673539566841867,-0.274748341136181)   (0.552755344230521,0.000000000000000)   (0.150973437884598,0.596873405203137)
 (-0.258730196645804,0.446276664642044)   (0.017753558233938,0.490455977362169)  (0.150973437884598,-0.596873405203137)   (1.595982628521713,0.000000000000000)
 (-0.381158605689436,0.000000000000000) (-0.695207336276466,-0.006181845954874)  (-0.297676577319902,1.022197764301528) (-0.673346558906700,-0.698043419242236)
 (-0.695207336276466,0.006181845954874)  (-0.582810516923229,0.000000000000000)  (0.464899326273190,-0.287714926519307)   (0.729646106034738,0.013961618560816)
(-0.297676577319902,-1.022197764301528)   (0.464899326273190,0.287714926519307)  (-0.461391681250866,0.000000000000000)  (-0.970682301349600,0.636650266097370)
 (-0.673346558906700,0.698043419242236)  (0.729646106034738,-0.013961618560816) (-0.970682301349600,-0.636650266097370)   (1.425360803863530,0.000000000000000)
 (-0.206320889376461,0.000000000000000) (-0.195055668074469,-0.881380164241963)  (-0.018104733574894,0.269903342754192)  (0.981864536788928,-0.383541256296809)
 (-0.195055668074469,0.881380164241963)   (0.539198305616172,0.000000000000000)   (1.165695477864449,0.254757383020670)  (-0.050745365181882,0.994840730348616)
(-0.018104733574894,-0.269903342754192)  (1.165695477864449,-0.254757383020670)   (0.107887363842545,0.000000000000000)  (1.248039563974059,-0.552947826673469)
  (0.981864536788928,0.383541256296809) (-0.050745365181882,-0.994840730348616)   (1.248039563974059,0.552947826673469)  (-0.440764780082256,0.000000000000000)
  (1.737550807070647,0.000000000000000)  (-0.010854087624880,0.748491673663351)  (-0.619407740034288,0.384176520026633)   (1.438258391128492,0.147205079421645)
(-0.010854087624880,-0.748491673663351)  (-0.153779141296331,0.000000000000000)  (-0.291428518945635,0.265812211765789)  (0.374230251410672,-0.563811838259601)
(-0.619407740034288,-0.384176520026633) (-0.291428518945635,-0.265812211765789)  (-0.672453562311854,0.000000000000000) (-0.407841269997298,-0.063665544207867)
 (1.438258391128492,-0.147205079421645)   (0.374230251410672,0.563811838259601)  (-0.407841269997298,0.063665544207867)  (-0.911318103462462,0.000000000000000)
 (-0.440625317497491,0.000000000000000)   (0.390102759898778,0.575007454740051)   (0.227901875230609,0.283893862448888)  (-1.036479356379021,0.343843274012786)
 (0.390102759898778,-0.575007454740051)   (0.684958919258002,0.000000000000000)  (0.527830312317374,-0.591078515829409)  (-0.027835875755738,0.226273277871116)
 (0.227901875230609,-0.283893862448888)   (0.527830312317374,0.591078515829409)  (-0.614412293900742,0.000000000000000)  (0.548667433752405,-0.593402626774742)
(-1.036479356379021,-0.343843274012786) (-0.027835875755738,-0.226273277871116)   (0.548667433752405,0.593402626774742)   (0.370078692140231,0.000000000000000)
 (-1.698027733979467,0.000000000000000)   (0.437358399301078,0.180871532097570) (-0.159608193984179,-0.026176970257262)  (-0.901329848045906,1.243709864740798)
 (0.437358399301078,-0.180871532097570)  (-0.856354031908276,0.000000000000000)  (0.190067920418487,-0.692700577510809) (-1.268904287953686,-0.480363785301800)
 (-0.159608193984179,0.026176970257262)   (0.190067920418487,0.692700577510809)   (1.931254504742498,0.000000000000000) (-0.404539619342659,-0.693901699658565)
(-0.901329848045906,-1.243709864740798)  (-1.268904287953686,0.480363785301800)  (-0.404539619342659,0.693901699658565)   (0.623127261145243,0.000000000000000)
 (-0.780796861618779,0.000000000000000)  (-1.473480378720067,0.554271416871415) (-1.123897965146392,-0.815752828317199) (-1.361113053673208,-0.447865323916877)
(-1.473480378720067,-0.554271416871415)   (0.201196856180028,0.000000000000000)  (0.232677032826831,-0.059294427213280)   (0.778522808487407,0.631794288734723)
 (-1.123897965146392,0.815752828317199)   (0.232677032826831,0.059294427213280)   (1.552734580451320,0.000000000000000) (-1.033645076460911,-1.040530792039776)
 (-1.361113053673208,0.447865323916877)  (0.778522808487407,-0.631794288734723)  (-1.033645076460911,1.040530792039776)  (-0.973134575012567,0.000000000000000)
 (-0.618381230900136,0.000000000000000)  (0.121522509832307,-0.591482086100601)  (0.474994535126445,-0.472299946154488) (-1.409223466494237,-0.312393958788911)
  (0.121522509832307,0.591482086100601)   (1.321166778268538,0.000000000000000)  (0.566247162095825,-0.843749291442966)  (0.482122997952292,-0.433750872323320)
  (0.474994535126445,0.472299946154488)   (0.566247162095825,0.843749291442966)   (0.966073381308923,0.000000000000000) (-0.506267892984272,-0.599310187101231)
 (-1.409223466494237,0.312393958788911)   (0.482122997952292,0.433750872323320)  (-0.506267892984272,0.599310187101231)  (-1.668858928677325,0.000000000000000)
