 0.015585359879233  0.035259130646236  0.011000757030426
 0.035259130646236 -0.042211470368177 -0.013955270189397
 0.011000757030426 -0.013955270189397  0.026626104738540
 0.023217197654033  0.036560640856449 -0.022752507355277
 0.036560640856449  0.044960722668820 -0.000522367544837
-0.022752507355277 -0.000522367544837 -0.068177963726089
-0.058008672849098 -0.054362162080917  0.016685659551047
-0.054362162080917  0.023377377984534  0.047688860484319
 0.016685659551047  0.047688860484319  0.034631348986416
 0.009907017588643 -0.063409055419349 -0.032330860870241
-0.063409055419349  0.042835470756361 -0.010611170384969
-0.032330860870241 -0.010611170384969 -0.052742494537155
-0.009898428267148 -0.001029394480048 -0.015716636634898
-0.001029394480048  0.043635438558265  0.017736334596415
-0.015716636634898  0.017736334596415 -0.033737020078240
-0.016289362522693 -0.024483879010774 -0.018250782447571
-0.024483879010774 -0.000674116993399  0.006038685657335
-0.018250782447571  0.006038685657335  0.016963490192252
 0.021112106687011  0.054920174170781 -0.000086943815166
 0.054920174170781 -0.024939618085516 -0.015742858929070
-0.000086943815166 -0.015742858929070  0.003827485534824
-0.001142603706245  0.020015200126267 -0.026407242141070
 0.020015200126267  0.029925061964277  0.006610928011350
-0.026407242141070  0.006610928011350 -0.028782482580619
 0.032378019634893  0.039087956121098 -0.052707196534898
 0.039087956121098 -0.054707156434522 -0.049984312545571
-0.052707196534898 -0.049984312545571  0.022329092233610
