  (0.052619134465128,0.000000000000000)  (0.328973698118820,-0.041096181764127)   (0.026217265028111,0.047632795001050) (-0.178739541138394,-0.011015447954141) (-0.040513984861522,-0.048125789415145) (-0.043894244035397,-0.082367247344758) (-0.315947957699470,-0.047455199739389)
  (0.328973698118820,0.041096181764127)   (0.172098940355041,0.000000000000000)  (0.109344781277972,-0.043613280780031) (-0.117950690791470,-0.095367596778429)   (0.161276460269401,0.285119028691962)   (0.041355983404544,0.123263230732586)  (-0.117612407369460,0.150955224514800)
 (0.026217265028111,-0.047632795001050)   (0.109344781277972,0.043613280780031)  (-0.214933491388598,0.000000000000000)  (0.002397432208597,-0.036782146701437)  (-0.218809730339146,0.152380445169797)   (0.100498063435348,0.131945629538716)  (-0.281230683104912,0.346474569752599)
 (-0.178739541138394,0.011015447954141)  (-0.117950690791470,0.095367596778429)   (0.002397432208597,0.036782146701437)   (0.300499957279674,0.000000000000000)   (0.126506725935938,0.033182683454006)  (-0.054489733248732,0.147335633505385)   (0.090611474454069,0.011508121257827)
 (-0.040513984861522,0.048125789415145)  (0.161276460269401,-0.285119028691962) (-0.218809730339146,-0.152380445169797)  (0.126506725935938,-0.033182683454006)   (0.083045405883709,0.000000000000000)  (0.086250920236031,-0.109890107246371)   (0.094486139367895,0.229573210713986)
 (-0.043894244035397,0.082367247344758)  (0.041355983404544,-0.123263230732586)  (0.100498063435348,-0.131945629538716) (-0.054489733248732,-0.147335633505385)   (0.086250920236031,0.109890107246371)  (-0.074487755715141,0.000000000000000)   (0.189946622831575,0.178046312719990)
 (-0.315947957699470,0.047455199739389) (-0.117612407369460,-0.150955224514800) (-0.281230683104912,-0.346474569752599)  (0.090611474454069,-0.011508121257827)  (0.094486139367895,-0.229573210713986)  (0.189946622831575,-0.178046312719990) (-0.318842190879813,-0.000000000000000)
 (-0.179149571229308,0.000000000000000)  (-0.013991336779452,0.106239435576830) (-0.089710466804696,-0.120954584747201) (-0.071878403408447,-0.155248223713394)  (0.267412642893934,-0.199535490391115)  (0.269178138594377,-0.101255888291081)   (0.048413016037039,0.144435197779587)
(-0.013991336779452,-0.106239435576830)  (-0.180733647942741,0.000000000000000)  (-0.034759386392668,0.091148474396978)  (0.374749117210669,-0.104095106272893)   (0.083153513315834,0.082607085825266)   (0.205448382944281,0.052263463120668)   (0.076327857923215,0.089271408188379)
 (-0.089710466804696,0.120954584747201) (-0.034759386392668,-0.091148474396978)   (0.020682801627525,0.000000000000000)  (-0.012410527499563,0.090280973474687) (-0.033257201628793,-0.141635580398695)  (0.209351270484044,-0.060555703955931) (-0.100781253543155,-0.034026701390073)
 (-0.071878403408447,0.155248223713394)   (0.374749117210669,0.104095106272893) (-0.012410527499563,-0.090280973474687)  (-0.478666295692762,0.000000000000000) (-0.352535980161911,-0.197372948940728)   (0.037573524226254,0.053743802618416)   (0.123929198175714,0.149854979277859)
  (0.267412642893934,0.199535490391115)  (0.083153513315834,-0.082607085825266)  (-0.033257201628793,0.141635580398695)  (-0.352535980161911,0.197372948940728)   (0.085851583913140,0.000000000000000)   (0.159843794392091,0.114103000440993)   (0.187507446524467,0.187178980703883)
  (0.269178138594377,0.101255888291081)  (0.205448382944281,-0.052263463120668)   (0.209351270484044,0.060555703955931)  (0.037573524226254,-0.053743802618416)  (0.159843794392091,-0.114103000440993)   (0.184009441152871,0.000000000000000) (-0.237665170813397,-0.188954757906979)
 (0.048413016037039,-0.144435197779587)  (0.076327857923215,-0.089271408188379)  (-0.100781253543155,0.034026701390073)  (0.123929198175714,-0.149854979277859)  (0.187507446524467,-0.187178980703883)  (-0.237665170813397,0.188954757906979)  (0.548005688171274,-0.000000000000000)
  (0.070512350693604,0.000000000000000) (-0.159727382140523,-0.033454362318573) (-0.038798537694507,-0.182490890078866)   (0.117209163498234,0.133521647195248)  (-0.080000655095605,0.129860829646661) (-0.090296228228841,-0.001479044863168)  (0.085603704792713,-0.480830710195928)
 (-0.159727382140523,0.033454362318573)   (0.035312968326417,0.000000000000000)   (0.056382380259615,0.023571828373305)  (-0.061248726436326,0.180192053110170)   (0.056584865151985,0.208090340841904)  (0.083483676800761,-0.080836618067002)  (-0.158353834770890,0.098423996532794)
 (-0.038798537694507,0.182490890078866)  (0.056382380259615,-0.023571828373305)  (-0.131348430546476,0.000000000000000) (-0.127396561374126,-0.112238309951441) (-0.085379810098453,-0.166325788710659) (-0.028877443335798,-0.100767781384569)  (-0.253027148376398,0.088096310211566)
 (0.117209163498234,-0.133521647195248) (-0.061248726436326,-0.180192053110170)  (-0.127396561374126,0.112238309951441)  (-0.199939021627820,0.000000000000000)   (0.091815369883687,0.015215650675006)   (0.105136874289749,0.137954529512273) (-0.329656571482672,-0.091042297678555)
(-0.080000655095605,-0.129860829646661)  (0.056584865151985,-0.208090340841904)  (-0.085379810098453,0.166325788710659)  (0.091815369883687,-0.015215650675006)  (-0.169472638627959,0.000000000000000)   (0.292895765602417,0.036554108891824)   (0.058369595409786,0.109082038079487)
 (-0.090296228228841,0.001479044863168)   (0.083483676800761,0.080836618067002)  (-0.028877443335798,0.100767781384569)  (0.105136874289749,-0.137954529512273)  (0.292895765602417,-0.036554108891824)  (-0.239271794639279,0.000000000000000) (-0.136275127001076,-0.263549214808806)
  (0.085603704792713,0.480830710195928) (-0.158353834770890,-0.098423996532794) (-0.253027148376398,-0.088096310211566)  (-0.329656571482672,0.091042297678555)  (0.058369595409786,-0.109082038079487)  (-0.136275127001076,0.263549214808806)  (0.634206566421513,-0.000000000000000)
 (-0.297380918608945,0.000000000000000)  (0.158090110943645,-0.078542017255349)  (-0.318930493753885,0.143782358150477)   (0.074058987143590,0.229531214993964)  (-0.173758874949578,0.152617786318509)   (0.124750515259074,0.353836138563200)  (0.163842316560537,-0.015747390901040)
  (0.158090110943645,0.078542017255349)   (0.008402314168730,0.000000000000000)  (-0.186071323293797,0.015185721387436)  (-0.074428572930758,0.201985430251951)  (0.061402443909679,-0.078462953248750)   (0.201581769275637,0.310087937483088)  (0.124736722781274,-0.103933239441633)
(-0.318930493753885,-0.143782358150477) (-0.186071323293797,-0.015185721387436)  (-0.131888513439237,0.000000000000000)  (-0.056394809143500,0.209613657645587)   (0.091305145221853,0.079024588543654)  (-0.071666178676598,0.131163875829906)   (0.271401300224225,0.084639061928496)
 (0.074058987143590,-0.229531214993964) (-0.074428572930758,-0.201985430251951) (-0.056394809143500,-0.209613657645587)  (-0.011742859096047,0.000000000000000)   (0.198977836102506,0.147914100973280)  (0.047743262226543,-0.027985961050084)   (0.078196531220603,0.183770569565226)
(-0.173758874949578,-0.152617786318509)   (0.061402443909679,0.078462953248750)  (0.091305145221853,-0.079024588543654)  (0.198977836102506,-0.147914100973280)   (0.078263827859189,0.000000000000000) (-0.038597461250583,-0.361626009287297) (-0.063031755822911,-0.223195258874776)
 (0.124750515259074,-0.353836138563200)  (0.201581769275637,-0.310087937483088) (-0.071666178676598,-0.131163875829906)   (0.047743262226543,0.027985961050084)  (-0.038597461250583,0.361626009287297)  (-0.153631223643693,0.000000000000000) (-0.214843517467778,-0.276645392927829)
  (0.163842316560537,0.015747390901040)   (0.124736722781274,0.103933239441633)  (0.271401300224225,-0.084639061928496)  (0.078196531220603,-0.183770569565226)  (-0.063031755822911,0.223195258874776)  (-0.214843517467778,0.276645392927829)  (0.507977372760004,-0.000000000000000)
  (0.123514585403454,0.000000000000000)  (-0.004231172343548,0.017895909510298) (-0.573570700863246,-0.048817878749796)   (0.096335029644943,0.294305879131283) (-0.285453497787773,-0.179112051107713)  (-0.004235800926078,0.154479900247090)  (0.097629860321643,-0.016839029655017)
(-0.004231172343548,-0.017895909510298)   (0.050157648404234,0.000000000000000) (-0.193891700987852,-0.312765553606211) (-0.243340919497539,-0.063585061025645)   (0.267088014646622,0.105862566989940)   (0.034368473712110,0.365873622158015)  (-0.092277858016097,0.270420594170592)
 (-0.573570700863246,0.048817878749796)  (-0.193891700987852,0.312765553606211)  (-0.172651842598860,0.000000000000000)   (0.104774508669675,0.321681028163842) (-0.190343037931647,-0.276758356362969)   (0.026315215609986,0.003662132459617)  (0.143165160274749,-0.182605148011844)
 (0.096335029644943,-0.294305879131283)  (-0.243340919497539,0.063585061025645)  (0.104774508669675,-0.321681028163842)   (0.083099398015342,0.000000000000000) (-0.093090949049926,-0.144472933062306)  (0.157757328798576,-0.194913692047781) (-0.159057501306302,-0.197786403514375)
 (-0.285453497787773,0.179112051107713)  (0.267088014646622,-0.105862566989940)  (-0.190343037931647,0.276758356362969)  (-0.093090949049926,0.144472933062306)  (-0.187881010728001,0.000000000000000) (-0.027644213128208,-0.148587619911449)  (-0.002203615887498,0.127260339415978)
(-0.004235800926078,-0.154479900247090)  (0.034368473712110,-0.365873622158015)  (0.026315215609986,-0.003662132459617)   (0.157757328798576,0.194913692047781)  (-0.027644213128208,0.148587619911449)   (0.006684477669951,0.000000000000000) (-0.143209989322721,-0.082840483456768)
  (0.097629860321643,0.016839029655017) (-0.092277858016097,-0.270420594170592)   (0.143165160274749,0.182605148011844)  (-0.159057501306302,0.197786403514375) (-0.002203615887498,-0.127260339415978)  (-0.143209989322721,0.082840483456768)  (0.097076743833880,-0.000000000000000)
 (-0.098087745892883,0.000000000000000) (-0.091340526677795,-0.132136204325571)  (-0.045892520698061,0.068203699034279)  (-0.103676223546923,0.066445188677656)  (0.004815833637120,-0.073857868543841)  (0.042918196830739,-0.150122824393784) (-0.115900582332414,-0.099489535587507)
 (-0.091340526677795,0.132136204325571)  (-0.097939513075127,0.000000000000000) (-0.055418565838868,-0.061705157855462)  (-0.151281167824996,0.117630162732901)   (0.105891654973565,0.204037851163623) (-0.058523765346579,-0.040821902124852)  (-0.105355266792339,0.247812373510620)
(-0.045892520698061,-0.068203699034279)  (-0.055418565838868,0.061705157855462)   (0.184342900241316,0.000000000000000) (-0.223368307355320,-0.146855674354977)  (0.170231486299058,-0.256339130547157) (-0.049988802282289,-0.059290388196069) (-0.146927273104931,-0.269948126785841)
(-0.103676223546923,-0.066445188677656) (-0.151281167824996,-0.117630162732901)  (-0.223368307355320,0.146855674354977)  (-0.103916767694969,0.000000000000000)   (0.186492493023765,0.227676316346609)  (0.065067383869500,-0.126880982808033)  (-0.138962736117187,0.070926027090880)
  (0.004815833637120,0.073857868543841)  (0.105891654973565,-0.204037851163623)   (0.170231486299058,0.256339130547157)  (0.186492493023765,-0.227676316346609)  (-0.268183635147703,0.000000000000000)   (0.032194335109128,0.357140842282162)  (-0.008221054069835,0.226065617018097)
  (0.042918196830739,0.150122824393784)  (-0.058523765346579,0.040821902124852)  (-0.049988802282289,0.059290388196069)   (0.065067383869500,0.126880982808033)  (0.032194335109128,-0.357140842282162)  (-0.212321956605258,0.000000000000000)   (0.120037365965492,0.077754448002338)
 (-0.115900582332414,0.099489535587507) (-0.105355266792339,-0.247812373510620)  (-0.146927273104931,0.269948126785841) (-0.138962736117187,-0.070926027090880) (-0.008221054069835,-0.226065617018097)  (0.120037365965492,-0.077754448002338)  (0.596106718174623,-0.000000000000000)
 (-0.057638150623876,0.000000000000000)  (-0.397944527671217,0.169713868002506) (-0.102287755757689,-0.128205679456139)  (0.074797194230028,-0.090686053657938) (-0.185447155214350,-0.274242899563096)   (0.080663261278135,0.025173613196897)  (-0.001098594466528,0.302327581761916)
(-0.397944527671217,-0.169713868002506)   (0.204341539621737,0.000000000000000)  (-0.191800063205421,0.306037679570543)  (-0.223050678851325,0.175700660024393) (-0.148676477262819,-0.402844598222684) (-0.103627453769378,-0.056155230210899)  (0.200851312429777,-0.064637841416295)
 (-0.102287755757689,0.128205679456139) (-0.191800063205421,-0.306037679570543)   (0.043931339447612,0.000000000000000) (-0.017229101775651,-0.025181043296187)  (0.163627445769814,-0.073920335245345) (-0.012488552574365,-0.104522577743246)  (-0.007300013261563,0.041938408167776)
  (0.074797194230028,0.090686053657938) (-0.223050678851325,-0.175700660024393)  (-0.017229101775651,0.025181043296187)  (-0.019164420505833,0.000000000000000)   (0.103446689484744,0.284767143546826) (-0.054333818738157,-0.178332800629522)  (-0.006833164973899,0.019560388247279)
 (-0.185447155214350,0.274242899563096)  (-0.148676477262819,0.402844598222684)   (0.163627445769814,0.073920335245345)  (0.103446689484744,-0.284767143546826)  (-0.110709550281250,0.000000000000000)  (-0.194847829238948,0.115898712354300)   (0.172259334247380,0.284755916014930)
 (0.080663261278135,-0.025173613196897)  (-0.103627453769378,0.056155230210899)  (-0.012488552574365,0.104522577743246)  (-0.054333818738157,0.178332800629522) (-0.194847829238948,-0.115898712354300)  (-0.143967942064235,0.000000000000000)  (0.030317181885035,-0.101079897713560)
(-0.001098594466528,-0.302327581761916)   (0.200851312429777,0.064637841416295) (-0.007300013261563,-0.041938408167776) (-0.006833164973899,-0.019560388247279)  (0.172259334247380,-0.284755916014930)   (0.030317181885035,0.101079897713560)  (0.083207184405845,-0.000000000000000)
  (0.161397751738597,0.000000000000000) (-0.480997656957304,-0.271520049710841)   (0.118498526949515,0.069453260783606)  (0.038913248323249,-0.010658261189487)  (-0.072120964928706,0.075665131967226)   (0.184313585094472,0.171529476485889) (-0.106366191871392,-0.180599921934652)
 (-0.480997656957304,0.271520049710841)  (-0.070554991418191,0.000000000000000) (-0.176008646061424,-0.005347873547104)  (0.072608252026053,-0.022715409821512)  (0.114489444077598,-0.075667210278829)  (-0.024422218806782,0.113234948483662) (-0.012050638255261,-0.041676903993450)
 (0.118498526949515,-0.069453260783606)  (-0.176008646061424,0.005347873547104)  (-0.330506607826906,0.000000000000000)   (0.009833525701243,0.014327871427194)   (0.021876219077703,0.089618806028031)  (-0.034066075405971,0.094393353071805)  (-0.283398632271051,0.314340961529952)
  (0.038913248323249,0.010658261189487)   (0.072608252026053,0.022715409821512)  (0.009833525701243,-0.014327871427194)  (-0.016939408995796,0.000000000000000)  (0.121911055144319,-0.199877765877288)  (0.039653325052966,-0.191552820252197)  (-0.274953565848212,0.134192680638744)
(-0.072120964928706,-0.075665131967226)   (0.114489444077598,0.075667210278829)  (0.021876219077703,-0.089618806028031)   (0.121911055144319,0.199877765877288)  (-0.101885624401624,0.000000000000000)  (-0.039818413742335,0.071333576476324) (-0.116588157195483,-0.037759179565801)
 (0.184313585094472,-0.171529476485889) (-0.024422218806782,-0.113234948483662) (-0.034066075405971,-0.094393353071805)   (0.039653325052966,0.191552820252197) (-0.039818413742335,-0.071333576476324)   (0.050629140788444,0.000000000000000)  (0.062299743541097,-0.245307642325588)
 (-0.106366191871392,0.180599921934652)  (-0.012050638255261,0.041676903993450) (-0.283398632271051,-0.314340961529952) (-0.274953565848212,-0.134192680638744)  (-0.116588157195483,0.037759179565801)   (0.062299743541097,0.245307642325588)  (0.307859740115475,-0.000000000000000)
  (0.150014497775625,0.000000000000000)   (0.291913181415054,0.173534212863730)  (0.171892037594648,-0.192367310799370)  (0.419941941520022,-0.188553949537979)  (-0.124094137429729,0.064216412422799)  (0.134434560497882,-0.111490106275995)   (0.126082215999801,0.065003285503121)
 (0.291913181415054,-0.173534212863730)  (-0.096201854957814,0.000000000000000) (-0.288834435365618,-0.024702234077497)   (0.109347713819603,0.280653656628861)  (-0.327022063069278,0.163691594105746) (-0.252779734306941,-0.208971630411363)  (0.203556202772073,-0.153797607769960)
  (0.171892037594648,0.192367310799370)  (-0.288834435365618,0.024702234077497)  (-0.257164548927480,0.000000000000000)   (0.169128966083403,0.092261101089841)   (0.110813007715192,0.005433549576402) (-0.117175172235366,-0.087935119065253)   (0.024253688808611,0.155810828175451)
  (0.419941941520022,0.188553949537979)  (0.109347713819603,-0.280653656628861)  (0.169128966083403,-0.092261101089841)   (0.031262282561666,0.000000000000000)  (-0.172259903128916,0.111036910572348)  (-0.184536858896143,0.139736651995180)  (-0.122749222195763,0.318001052825326)
(-0.124094137429729,-0.064216412422799) (-0.327022063069278,-0.163691594105746)  (0.110813007715192,-0.005433549576402) (-0.172259903128916,-0.111036910572348)  (-0.067466687694632,0.000000000000000)  (-0.024194734759231,0.019979752175703)   (0.035448951306105,0.109449500661373)
  (0.134434560497882,0.111490106275995)  (-0.252779734306941,0.208971630411363)  (-0.117175172235366,0.087935119065253) (-0.184536858896143,-0.139736651995180) (-0.024194734759231,-0.019979752175703)   (0.040361570825041,0.000000000000000) (-0.170458925956559,-0.212597378360706)
 (0.126082215999801,-0.065003285503121)   (0.203556202772073,0.153797607769960)  (0.024253688808611,-0.155810828175451) (-0.122749222195763,-0.318001052825326)  (0.035448951306105,-0.109449500661373)  (-0.170458925956559,0.212597378360706)  (0.199194740417593,-0.000000000000000)
