 (-0.284385508480533,0.000000000000000)   (0.142261975613629,0.178494679903110)  (0.182653628424627,-0.404221228284027)   (0.383005229905689,0.049832034058588)  (-0.090569579064452,0.116841278744177)  (0.040926461748679,-0.288590774082201)   (0.077573689705788,0.130433935473289)
 (0.142261975613629,-0.178494679903110)  (-0.011308982498278,0.000000000000000)  (0.328879717608626,-0.009932644310074)  (0.218728405877945,-0.082587857119919)   (0.092830382707339,0.085781073928915)   (0.236414873030958,0.019452721841851)   (0.002599973474606,0.161141052267314)
  (0.182653628424627,0.404221228284027)   (0.328879717608626,0.009932644310074)   (0.179827848718979,0.000000000000000)  (0.160970865217560,-0.085203886105128)   (0.370421787747441,0.175791382806357) (-0.013557725127946,-0.236875799441164)   (0.179557275822349,0.219213829077002)
 (0.383005229905689,-0.049832034058588)   (0.218728405877945,0.082587857119919)   (0.160970865217560,0.085203886105128)  (-0.245033061837369,0.000000000000000)  (-0.043528288055656,0.140583951131498) (-0.237010855308448,-0.097026137282803)  (-0.151173292658870,0.076703226996043)
(-0.090569579064452,-0.116841278744177)  (0.092830382707339,-0.085781073928915)  (0.370421787747441,-0.175791382806357) (-0.043528288055656,-0.140583951131498)   (0.338559614608388,0.000000000000000)  (0.149464163270128,-0.025373107625371) (-0.135514897330181,-0.060698931106940)
  (0.040926461748679,0.288590774082201)  (0.236414873030958,-0.019452721841851)  (-0.013557725127946,0.236875799441164)  (-0.237010855308448,0.097026137282803)   (0.149464163270128,0.025373107625371)  (-0.160917469479370,0.000000000000000) (-0.084670607770894,-0.034906822072025)
 (0.077573689705788,-0.130433935473289)  (0.002599973474606,-0.161141052267314)  (0.179557275822349,-0.219213829077002) (-0.151173292658870,-0.076703226996043)  (-0.135514897330181,0.060698931106940)  (-0.084670607770894,0.034906822072025)   (0.183257558969123,0.000000000000000)
 (-0.009319186736816,0.000000000000000) (-0.124956674918623,-0.178435022349973)   (0.133479407856846,0.117548127976403)  (0.132556608837315,-0.078855564408476) (-0.051240970166052,-0.088210971899383)  (0.051293185246519,-0.036169507124210)  (0.354096096435881,-0.293064520730786)
 (-0.124956674918623,0.178435022349973)  (-0.192614547447397,0.000000000000000)  (0.055052387064949,-0.306848312632559) (-0.032136965518169,-0.419518010362771)  (-0.073591589230748,0.068622083841095) (-0.076549473346345,-0.173564994373578)  (-0.030795249619884,0.001174711185922)
 (0.133479407856846,-0.117548127976403)   (0.055052387064949,0.306848312632559)  (-0.047572336568820,0.000000000000000)  (0.247601959924768,-0.121630662391828)  (-0.357005597941462,0.014241111293960)  (0.071676823010825,-0.259047679099239)  (0.077785395156575,-0.096336652654740)
  (0.132556608837315,0.078855564408476)  (-0.032136965518169,0.419518010362771)   (0.247601959924768,0.121630662391828)   (0.192166249662060,0.000000000000000)   (0.014397985516838,0.150841737384075)  (0.204016956525462,-0.266474393508855)  (0.005086848553664,-0.064449193154444)
 (-0.051240970166052,0.088210971899383) (-0.073591589230748,-0.068622083841095) (-0.357005597941462,-0.014241111293960)  (0.014397985516838,-0.150841737384075)   (0.024630976818482,0.000000000000000) (-0.287869612531090,-0.221067038144666)  (-0.295845278299526,0.165612761281175)
  (0.051293185246519,0.036169507124210)  (-0.076549473346345,0.173564994373578)   (0.071676823010825,0.259047679099239)   (0.204016956525462,0.266474393508855)  (-0.287869612531090,0.221067038144666)   (0.148047906585848,0.000000000000000)   (0.000740132075632,0.000214459082835)
  (0.354096096435881,0.293064520730786) (-0.030795249619884,-0.001174711185922)   (0.077785395156575,0.096336652654740)   (0.005086848553664,0.064449193154444) (-0.295845278299526,-0.165612761281175)  (0.000740132075632,-0.000214459082835)  (-0.115339062282793,0.000000000000000)
 (-0.326718004797352,0.000000000000000)  (0.102770420862896,-0.255497435402117) (-0.061822358610089,-0.366479929539492)  (0.015985894100356,-0.279903566547335)  (0.350371606940038,-0.252931719122026)   (0.002449463207335,0.173452657439542)   (0.085055390110122,0.173523703518304)
  (0.102770420862896,0.255497435402117)   (0.146034117110770,0.000000000000000)   (0.318188887771078,0.205349865793364)  (0.115369012975598,-0.042993509267033) (-0.292879953264133,-0.031397726758355)  (-0.043495149105218,0.063087918769050)  (0.034053140010197,-0.065838702320368)
 (-0.061822358610089,0.366479929539492)  (0.318188887771078,-0.205349865793364)  (-0.043435261044440,0.000000000000000) (-0.065099349836139,-0.077745270559077)   (0.251771106495533,0.005028537679706) (-0.018279938802319,-0.128885949204004)  (0.076745089771953,-0.161368135051470)
  (0.015985894100356,0.279903566547335)   (0.115369012975598,0.042993509267033)  (-0.065099349836139,0.077745270559077)  (-0.107913559530622,0.000000000000000)   (0.060449825716198,0.129346613008599)  (0.061109056505774,-0.126678330394000) (-0.048078762718029,-0.494710894258605)
  (0.350371606940038,0.252931719122026)  (-0.292879953264133,0.031397726758355)  (0.251771106495533,-0.005028537679706)  (0.060449825716198,-0.129346613008599)   (0.056183969526974,0.000000000000000)   (0.121069933830256,0.297652670452195) (-0.098982437378855,-0.230469225068939)
 (0.002449463207335,-0.173452657439542) (-0.043495149105218,-0.063087918769050)  (-0.018279938802319,0.128885949204004)   (0.061109056505774,0.126678330394000)  (0.121069933830256,-0.297652670452195)   (0.082306169646890,0.000000000000000)  (0.199597456623068,-0.184755654628670)
 (0.085055390110122,-0.173523703518304)   (0.034053140010197,0.065838702320368)   (0.076745089771953,0.161368135051470)  (-0.048078762718029,0.494710894258605)  (-0.098982437378855,0.230469225068939)   (0.199597456623068,0.184755654628670)   (0.193542569079233,0.000000000000000)
 (-0.102674823585958,0.000000000000000) (-0.281986103387721,-0.176876933989076)   (0.003657998485636,0.327550933699124)   (0.061141671384163,0.289789751550607)  (0.026212222366659,-0.581316437346920)   (0.033832373767544,0.237402033480147) (-0.259502125211633,-0.038120761519089)
 (-0.281986103387721,0.176876933989076)   (0.178837695870034,0.000000000000000)   (0.192080562158904,0.063327627458123)   (0.404001814180732,0.029643135185053)   (0.090829505941216,0.185581990387212)  (0.031126836259048,-0.063068708322940)   (0.247354216252951,0.045820656449535)
 (0.003657998485636,-0.327550933699124)  (0.192080562158904,-0.063327627458123)  (-0.291620843340109,0.000000000000000)  (0.227553044197325,-0.047347459743137) (-0.238058018743748,-0.145527034213664) (-0.252584595611644,-0.299940044581248)   (0.022585710395036,0.205652748831992)
 (0.061141671384163,-0.289789751550607)  (0.404001814180732,-0.029643135185053)   (0.227553044197325,0.047347459743137)   (0.440816221644376,0.000000000000000)  (-0.034730108840967,0.231038801308097) (-0.020824294875558,-0.278910539289353)  (0.099147973182183,-0.035072188905737)
  (0.026212222366659,0.581316437346920)  (0.090829505941216,-0.185581990387212)  (-0.238058018743748,0.145527034213664) (-0.034730108840967,-0.231038801308097)   (0.329932699124053,0.000000000000000) (-0.145459849318956,-0.146927768845125)  (0.239974618281606,-0.137265338758967)
 (0.033832373767544,-0.237402033480147)   (0.031126836259048,0.063068708322940)  (-0.252584595611644,0.299940044581248)  (-0.020824294875558,0.278910539289353)  (-0.145459849318956,0.146927768845125)  (-0.203361230668626,0.000000000000000)  (-0.234184906317614,0.005907342306759)
 (-0.259502125211633,0.038120761519089)  (0.247354216252951,-0.045820656449535)  (0.022585710395036,-0.205652748831992)   (0.099147973182183,0.035072188905737)   (0.239974618281606,0.137265338758967) (-0.234184906317614,-0.005907342306759)  (-0.351929719023898,0.000000000000000)
 (-0.024265845333290,0.000000000000000)   (0.262434091903769,0.202231182928189)   (0.088112763787058,0.210894400725464)   (0.171231203960761,0.238970469275425)  (-0.220616086656891,0.327229830990044)   (0.096264916798564,0.387076485839743)   (0.141224468487794,0.056343856482903)
 (0.262434091903769,-0.202231182928189)   (0.000166830804633,0.000000000000000)  (0.001211084035487,-0.010077070770123) (-0.098864248829101,-0.083951804390429) (-0.242558441302574,-0.061871206622768)  (0.116915925215396,-0.281008257914952) (-0.020410519193900,-0.287045068796829)
 (0.088112763787058,-0.210894400725464)   (0.001211084035487,0.010077070770123)   (0.147330676264402,0.000000000000000)  (-0.057311312125543,0.101620032599061) (-0.012259923492515,-0.063420412451495)  (-0.030188596523423,0.213946663003711) (-0.040955574175497,-0.120893640749106)
 (0.171231203960761,-0.238970469275425)  (-0.098864248829101,0.083951804390429) (-0.057311312125543,-0.101620032599061)   (0.180329062799007,0.000000000000000)  (0.211705820485259,-0.232946919684560)  (-0.071031087933000,0.024026783239915) (-0.030240318557079,-0.341699895481419)
(-0.220616086656891,-0.327229830990044)  (-0.242558441302574,0.061871206622768)  (-0.012259923492515,0.063420412451495)   (0.211705820485259,0.232946919684560)  (-0.213319310047926,0.000000000000000) (-0.243255299413514,-0.186701281063938) (-0.160572443974139,-0.002849014505788)
 (0.096264916798564,-0.387076485839743)   (0.116915925215396,0.281008257914952) (-0.030188596523423,-0.213946663003711) (-0.071031087933000,-0.024026783239915)  (-0.243255299413514,0.186701281063938)   (0.124297250515956,0.000000000000000)  (0.082771713636644,-0.157145434825106)
 (0.141224468487794,-0.056343856482903)  (-0.020410519193900,0.287045068796829)  (-0.040955574175497,0.120893640749106)  (-0.030240318557079,0.341699895481419)  (-0.160572443974139,0.002849014505788)   (0.082771713636644,0.157145434825106)  (-0.214538665024518,0.000000000000000)
  (0.454409410127450,0.000000000000000) (-0.074597962571776,-0.076078838659187) (-0.203795594955721,-0.128493412851058) (-0.142671962004626,-0.261349940370725)  (0.081899160067612,-0.317999187500909)   (0.142432399631591,0.061930313938032)  (-0.148800506167877,0.123885952208909)
 (-0.074597962571776,0.076078838659187)  (-0.397326967760975,0.000000000000000)   (0.190443858890097,0.094009950890154)   (0.074308938138552,0.054284982507641) (-0.116965761517046,-0.243862563474176)   (0.209364108042451,0.043880733084350)   (0.292913194821966,0.138810305725746)
 (-0.203795594955721,0.128493412851058)  (0.190443858890097,-0.094009950890154)  (-0.309682215430664,0.000000000000000)  (0.127074528705634,-0.348449506433305)   (0.287511797076338,0.003428595393518)  (0.038200063283496,-0.156421356401410)  (0.281759289147386,-0.010238457833454)
 (-0.142671962004626,0.261349940370725)  (0.074308938138552,-0.054284982507641)   (0.127074528705634,0.348449506433305)   (0.300043954810623,0.000000000000000)  (0.150316972133902,-0.181027079166607)  (0.243801831298106,-0.073512188160191)  (-0.003251219225126,0.087507015406151)
  (0.081899160067612,0.317999187500909)  (-0.116965761517046,0.243862563474176)  (0.287511797076338,-0.003428595393518)   (0.150316972133902,0.181027079166607)   (0.118521475875323,0.000000000000000)   (0.263419809368548,0.197200916490060)   (0.074504926373259,0.022553611955753)
 (0.142432399631591,-0.061930313938032)  (0.209364108042451,-0.043880733084350)   (0.038200063283496,0.156421356401410)   (0.243801831298106,0.073512188160191)  (0.263419809368548,-0.197200916490060)  (-0.060625859226893,0.000000000000000)   (0.007068839150951,0.139759138405380)
(-0.148800506167877,-0.123885952208909)  (0.292913194821966,-0.138810305725746)   (0.281759289147386,0.010238457833454) (-0.003251219225126,-0.087507015406151)  (0.074504926373259,-0.022553611955753)  (0.007068839150951,-0.139759138405380)  (-0.105339798377636,0.000000000000000)
 (-0.133192151401708,0.000000000000000)  (0.204951660425559,-0.070402822654639) (-0.108800012146434,-0.060670126315276)   (0.125725140767489,0.165306044061552) (-0.079290728500775,-0.006179826856603) (-0.297765619492748,-0.405460653711456)  (-0.163817821901071,0.163328080872590)
  (0.204951660425559,0.070402822654639)   (0.398360647962923,0.000000000000000)   (0.089793844349763,0.119267272418929) (-0.013212591427653,-0.286979380726854)   (0.176131740190380,0.237723616606200) (-0.075540876579670,-0.168542205501242)   (0.123972932531897,0.030086369897609)
 (-0.108800012146434,0.060670126315276)  (0.089793844349763,-0.119267272418929)  (-0.751657683653424,0.000000000000000) (-0.453229598753300,-0.104733517857628)  (-0.043322587559122,0.244093952423235) (-0.370943515299919,-0.110273895695121)  (0.084805545585596,-0.140327571444111)
 (0.125725140767489,-0.165306044061552)  (-0.013212591427653,0.286979380726854)  (-0.453229598753300,0.104733517857628)  (-0.096813464776384,0.000000000000000)  (-0.425281498710168,0.021130299459192)  (0.149783901889133,-0.098722642850841) (-0.009184088899023,-0.097631899114294)
 (-0.079290728500775,0.006179826856603)  (0.176131740190380,-0.237723616606200) (-0.043322587559122,-0.244093952423235) (-0.425281498710168,-0.021130299459192)   (0.623862070881052,0.000000000000000)  (0.043253196460172,-0.120808978199825)   (0.011828020007878,0.084353212549861)
 (-0.297765619492748,0.405460653711456)  (-0.075540876579670,0.168542205501242)  (-0.370943515299919,0.110273895695121)   (0.149783901889133,0.098722642850841)   (0.043253196460172,0.120808978199825)   (0.017630219532201,0.000000000000000)  (-0.186542310337302,0.100462923544950)
(-0.163817821901071,-0.163328080872590)  (0.123972932531897,-0.030086369897609)   (0.084805545585596,0.140327571444111)  (-0.009184088899023,0.097631899114294)  (0.011828020007878,-0.084353212549861) (-0.186542310337302,-0.100462923544950)  (-0.058189638563280,0.000000000000000)
  (0.142256089302802,0.000000000000000)  (0.125851151531462,-0.094939662939481) (-0.089043771391442,-0.084649932131136) (-0.023463161061958,-0.324790108380541)   (0.279071241744805,0.489495205566214) (-0.077321770137207,-0.101205287384679) (-0.221775921003094,-0.129960689184283)
  (0.125851151531462,0.094939662939481)  (-0.015467709225535,0.000000000000000)  (-0.151260881133564,0.213981234815986) (-0.149589639478819,-0.133165715689495)  (0.073775976448957,-0.333439074958391)   (0.182308789736326,0.236740038970332)   (0.064299413191383,0.109767384951755)
 (-0.089043771391442,0.084649932131136) (-0.151260881133564,-0.213981234815986)   (0.087640068391813,0.000000000000000) (-0.182254388232050,-0.204975856018465)   (0.155318958257244,0.209753941083882)  (-0.144544511029483,0.226520880899813) (-0.074331863846245,-0.081154040471813)
 (-0.023463161061958,0.324790108380541)  (-0.149589639478819,0.133165715689495)  (-0.182254388232050,0.204975856018465)   (0.314862570908788,0.000000000000000)  (-0.241925400660721,0.128604376967151)  (-0.039666368249772,0.132703465713520)  (-0.140912690552344,0.137911503421829)
 (0.279071241744805,-0.489495205566214)   (0.073775976448957,0.333439074958391)  (0.155318958257244,-0.209753941083882) (-0.241925400660721,-0.128604376967151)  (-0.463494126171728,0.000000000000000)  (0.246711657197582,-0.224685316139963) (-0.108553146742942,-0.224922911179321)
 (-0.077321770137207,0.101205287384679)  (0.182308789736326,-0.236740038970332) (-0.144544511029483,-0.226520880899813) (-0.039666368249772,-0.132703465713520)   (0.246711657197582,0.224685316139963)   (0.048969836781169,0.000000000000000) (-0.027681184369525,-0.124891007355682)
 (-0.221775921003094,0.129960689184283)  (0.064299413191383,-0.109767384951755)  (-0.074331863846245,0.081154040471813) (-0.140912690552344,-0.137911503421829)  (-0.108553146742942,0.224922911179321)  (-0.027681184369525,0.124891007355682)  (-0.114766730013106,0.000000000000000)
  (0.277442135497397,0.000000000000000)  (0.134770735365649,-0.111896324791395)  (-0.023551619398758,0.126909970812497) (-0.033157665450143,-0.162569338914260) (-0.068044750270319,-0.103644870134027) (-0.110988253277559,-0.011212389392554)  (0.108148406267518,-0.104712910494388)
  (0.134770735365649,0.111896324791395)   (0.067340436379577,0.000000000000000)  (0.377869799103102,-0.067575004314983)  (0.127210731426329,-0.186065051115660)  (0.153437835567548,-0.203911564607956)  (-0.079656990209469,0.170011189443570)  (-0.031354416415525,0.105309395705423)
(-0.023551619398758,-0.126909970812497)   (0.377869799103102,0.067575004314983)   (0.298491112686090,0.000000000000000)  (0.006334447045412,-0.356133886910371)  (-0.125799268491088,0.055363612089869) (-0.232463413187086,-0.084951493773747)  (0.038149465743513,-0.051906570443495)
 (-0.033157665450143,0.162569338914260)   (0.127210731426329,0.186065051115660)   (0.006334447045412,0.356133886910371)  (-0.225546418273742,0.000000000000000)  (-0.006339913019523,0.128713835757526)  (-0.047575028724169,0.048744447390339)  (0.042342053251640,-0.141853320159444)
 (-0.068044750270319,0.103644870134027)   (0.153437835567548,0.203911564607956) (-0.125799268491088,-0.055363612089869) (-0.006339913019523,-0.128713835757526)  (-0.231044557588388,0.000000000000000)  (0.131827187315312,-0.075838439732591)  (-0.011038199567850,0.108710420379796)
 (-0.110988253277559,0.011212389392554) (-0.079656990209469,-0.170011189443570)  (-0.232463413187086,0.084951493773747) (-0.047575028724169,-0.048744447390339)   (0.131827187315312,0.075838439732591)  (-0.179764098482797,0.000000000000000) (-0.002626708746141,-0.333052018430808)
  (0.108148406267518,0.104712910494388) (-0.031354416415525,-0.105309395705423)   (0.038149465743513,0.051906570443495)   (0.042342053251640,0.141853320159444) (-0.011038199567850,-0.108710420379796)  (-0.002626708746141,0.333052018430808)  (-0.006918610219347,0.000000000000000)
