  (0.269147019231891,0.000000000000000) (-0.004822136008186,-0.032548986855736)   (0.088345160849533,0.177496255326279) (-0.099138070464544,-0.037702852544049)  (0.112070562260350,-0.216722863515947)   (0.120592951326016,0.015297020227044)   (0.048804634950917,0.068758334328104)
 (-0.004822136008186,0.032548986855736)  (-0.017905116021858,0.000000000000000)  (0.146240153721606,-0.228711233938505)   (0.056065663482126,0.117857099191060)  (0.250055742945775,-0.051099479479919) (-0.024634142159359,-0.005783010506853)  (0.021615037335621,-0.004679411463175)
 (0.088345160849533,-0.177496255326279)   (0.146240153721606,0.228711233938505)  (-0.137227632971758,0.000000000000000)   (0.072447026662231,0.011943628213891)   (0.083774674521200,0.062508095196240)  (0.053474650459410,-0.118909211297912) (-0.012630232740137,-0.057800609891757)
 (-0.099138070464544,0.037702852544049)  (0.056065663482126,-0.117857099191060)  (0.072447026662231,-0.011943628213891) (-0.258997628342315,-0.000000000000000) (-0.013294275744894,-0.054779360063962)   (0.177811143085210,0.059428608924304)   (0.090950187525191,0.040793900822220)
  (0.112070562260350,0.216722863515947)   (0.250055742945775,0.051099479479919)  (0.083774674521200,-0.062508095196240)  (-0.013294275744894,0.054779360063962)  (0.218569767351138,-0.000000000000000)   (0.038332116597030,0.001659080781078) (-0.004054024487556,-0.024992252991518)
 (0.120592951326016,-0.015297020227044)  (-0.024634142159359,0.005783010506853)   (0.053474650459410,0.118909211297912)  (0.177811143085210,-0.059428608924304)  (0.038332116597030,-0.001659080781078)  (0.037610097391096,-0.000000000000000)  (0.118575808501513,-0.026349201090629)
 (0.048804634950917,-0.068758334328104)   (0.021615037335621,0.004679411463175)  (-0.012630232740137,0.057800609891757)  (0.090950187525191,-0.040793900822220)  (-0.004054024487556,0.024992252991518)   (0.118575808501513,0.026349201090629) (-0.111196506638950,-0.000000000000000)
 (-0.053505769873194,0.000000000000000)  (0.018655291371439,-0.122926045914254)  (0.018829281335860,-0.082859508671350)   (0.136397768058737,0.470404448192110)   (0.213976073565135,0.065173874129851)   (0.038853984767729,0.166323715382856) (-0.208750571273822,-0.157989635817256)
  (0.018655291371439,0.122926045914254)   (0.403871666132892,0.000000000000000)   (0.029040648535866,0.219569752815500)  (-0.145455156886387,0.103032645056204)   (0.037743841258812,0.026155516089623) (-0.139335076741746,-0.041159282544512)   (0.022093879354395,0.088416953766429)
  (0.018829281335860,0.082859508671350)  (0.029040648535866,-0.219569752815500)  (-0.349856214842619,0.000000000000000)  (0.137885680491813,-0.118835714770528)   (0.162683564907652,0.265681613067743)   (0.027979107914143,0.178600220457344)  (0.073652022528113,-0.046170141003474)
 (0.136397768058737,-0.470404448192110) (-0.145455156886387,-0.103032645056204)   (0.137885680491813,0.118835714770528)  (0.364562878961176,-0.000000000000000)  (-0.004180950644391,0.177131441373293)  (-0.078738585342332,0.002456258012433)  (-0.272727304277216,0.023899281879588)
 (0.213976073565135,-0.065173874129851)  (0.037743841258812,-0.026155516089623)  (0.162683564907652,-0.265681613067743) (-0.004180950644391,-0.177131441373293)  (0.158354520363168,-0.000000000000000)   (0.109702147441471,0.003939851424640)  (0.044138385933315,-0.081080433377466)
 (0.038853984767729,-0.166323715382856)  (-0.139335076741746,0.041159282544512)  (0.027979107914143,-0.178600220457344) (-0.078738585342332,-0.002456258012433)  (0.109702147441471,-0.003939851424640) (-0.353849974334802,-0.000000000000000)   (0.006396149711183,0.033188521936559)
 (-0.208750571273822,0.157989635817256)  (0.022093879354395,-0.088416953766429)   (0.073652022528113,0.046170141003474) (-0.272727304277216,-0.023899281879588)   (0.044138385933315,0.081080433377466)  (0.006396149711183,-0.033188521936559) (-0.169577106403522,-0.000000000000000)
 (0.006167543688580,-0.000000000000000)   (0.041874990509282,0.026473559029653)  (0.172373196984024,-0.075489824292174)   (0.143855158091269,0.127765557940412)   (0.071367769323996,0.072997644277151)  (-0.062846933431249,0.100199309388457)  (0.142664121859747,-0.245648087553694)
 (0.041874990509282,-0.026473559029653)   (0.201233443415375,0.000000000000000)   (0.136345329894924,0.135967526764683)  (-0.052047383205814,0.014105917734045) (-0.065818091468192,-0.010630393555744)  (0.085851229702869,-0.201932229215845)  (-0.421370716215521,0.023876742398146)
  (0.172373196984024,0.075489824292174)  (0.136345329894924,-0.135967526764683) (-0.141245795023605,-0.000000000000000)  (-0.015553198575473,0.109099625578175)   (0.001096072138475,0.248370232159761)  (0.211937592886559,-0.165891316943519)  (-0.029759842358417,0.147608931238612)
 (0.143855158091269,-0.127765557940412) (-0.052047383205814,-0.014105917734045) (-0.015553198575473,-0.109099625578175)  (-0.067557394022368,0.000000000000000)  (-0.187707123981652,0.245953258651168)  (-0.078421228720179,0.059983860115298)  (0.048359130906329,-0.140150438409967)
 (0.071367769323996,-0.072997644277151)  (-0.065818091468192,0.010630393555744)  (0.001096072138475,-0.248370232159761) (-0.187707123981652,-0.245953258651168)   (0.102782409742800,0.000000000000000)  (0.058724599230138,-0.229144125976593)  (-0.044389207849429,0.060473235565561)
(-0.062846933431249,-0.100199309388456)   (0.085851229702869,0.201932229215845)   (0.211937592886559,0.165891316943519) (-0.078421228720179,-0.059983860115298)   (0.058724599230138,0.229144125976593)  (-0.172106931547371,0.000000000000000) (-0.082638509565975,-0.131089560528822)
  (0.142664121859747,0.245648087553694) (-0.421370716215521,-0.023876742398146) (-0.029759842358417,-0.147608931238612)   (0.048359130906329,0.140150438409967) (-0.044389207849429,-0.060473235565561)  (-0.082638509565975,0.131089560528822)  (0.070726723747856,-0.000000000000000)
  (0.115055965084594,0.000000000000000)   (0.087790726010816,0.207068114140213)  (-0.124312579944126,0.052515470912352)  (-0.329464556848861,0.179095169210921)   (0.115027818842122,0.227818604991052)   (0.078555221603828,0.221009985721129)  (-0.112336424055322,0.051028509437917)
 (0.087790726010816,-0.207068114140213)   (0.030558751500741,0.000000000000000)  (0.212316450815794,-0.088292462205666)  (-0.053013116069320,0.097474508262213)  (0.198717652049271,-0.277022539339559)  (0.037579567033668,-0.149680817268127)   (0.080582673392324,0.018733219791392)
(-0.124312579944126,-0.052515470912352)   (0.212316450815794,0.088292462205666)  (0.001004952365063,-0.000000000000000) (-0.027530683156205,-0.020217621537696)  (0.090965042633406,-0.060150486047272)  (-0.236528895599100,0.129822768802853)  (0.254823264211937,-0.002526921887606)
(-0.329464556848861,-0.179095169210921) (-0.053013116069320,-0.097474508262213)  (-0.027530683156205,0.020217621537696) (-0.323449269993718,-0.000000000000000)  (0.059577034126783,-0.179438329976938)  (0.001507339045927,-0.111468058256621)  (-0.088661493364774,0.008976166083287)
 (0.115027818842122,-0.227818604991052)   (0.198717652049271,0.277022539339559)   (0.090965042633406,0.060150486047272)   (0.059577034126783,0.179438329976938)  (-0.024773283459744,0.000000000000000)  (0.034169189928383,-0.119734673981172) (-0.062125478107013,-0.003703464570849)
 (0.078555221603828,-0.221009985721129)   (0.037579567033668,0.149680817268127) (-0.236528895599100,-0.129822768802853)   (0.001507339045927,0.111468058256621)   (0.034169189928383,0.119734673981172)   (0.190338082410364,0.000000000000000) (-0.050335598440668,-0.010512089483069)
(-0.112336424055322,-0.051028509437917)  (0.080582673392324,-0.018733219791392)   (0.254823264211937,0.002526921887606) (-0.088661493364774,-0.008976166083287)  (-0.062125478107013,0.003703464570849)  (-0.050335598440668,0.010512089483069)   (0.011264802093932,0.000000000000000)
  (0.068318443189406,0.000000000000000)   (0.020564929651817,0.071357161653200) (-0.116253315954305,-0.086652616002111)   (0.017759741531788,0.019022322069485)  (-0.242534728821648,0.109244610640269)   (0.145157164006529,0.127947990281478) (-0.005752676033859,-0.005406398212804)
 (0.020564929651817,-0.071357161653200)  (0.041413688393565,-0.000000000000000)  (-0.105178621155475,0.019896503880413)   (0.004535309674044,0.041093682989729)   (0.229112948735106,0.300169472186663)  (-0.137984645905181,0.002765441559581)  (0.064496103495783,-0.151553640414602)
 (-0.116253315954305,0.086652616002111) (-0.105178621155475,-0.019896503880413)   (0.188299364603364,0.000000000000000)  (0.081504307194410,-0.258819212642948)  (0.155051787483411,-0.112824805611715) (-0.171153867495471,-0.201431782300540) (-0.147382857923816,-0.119310468974368)
 (0.017759741531788,-0.019022322069485)  (0.004535309674044,-0.041093682989729)   (0.081504307194410,0.258819212642948)  (0.335789658953861,-0.000000000000000)  (-0.026841352704060,0.145903032435058)  (-0.356267014332617,0.105704578183818) (-0.253512119369920,-0.063131692983653)
(-0.242534728821648,-0.109244610640269)  (0.229112948735106,-0.300169472186663)   (0.155051787483411,0.112824805611715) (-0.026841352704060,-0.145903032435058) (-0.036237489042757,-0.000000000000000)  (0.159609669325812,-0.257867631970554)   (0.050336064738118,0.053950290910175)
 (0.145157164006529,-0.127947990281478) (-0.137984645905181,-0.002765441559581)  (-0.171153867495471,0.201431782300540) (-0.356267014332617,-0.105704578183818)   (0.159609669325812,0.257867631970554) (-0.504252161837131,-0.000000000000000) (-0.154694741552256,-0.262826792894095)
 (-0.005752676033859,0.005406398212804)   (0.064496103495783,0.151553640414602)  (-0.147382857923816,0.119310468974368)  (-0.253512119369920,0.063131692983653)  (0.050336064738118,-0.053950290910175)  (-0.154694741552256,0.262826792894095)  (-0.093331504258225,0.000000000000000)
  (0.179113481435780,0.000000000000000)  (-0.230074331797331,0.071493290979710)   (0.155240627720787,0.035504068390781)  (0.165302729921942,-0.156658672614611)  (-0.181028691316055,0.120597290145224) (-0.261457094207564,-0.302256935270320)   (0.141396612844764,0.023311305673182)
(-0.230074331797331,-0.071493290979710)  (-0.036783250837731,0.000000000000000)  (0.180341139017279,-0.232040316014182) (-0.013491271000915,-0.024075715154294) (-0.098242133989352,-0.240163495843250)  (-0.084058620921239,0.092484951340401) (-0.087509086853462,-0.065707585456767)
 (0.155240627720787,-0.035504068390781)   (0.180341139017279,0.232040316014182) (-0.170754845310449,-0.000000000000000)   (0.154192389908551,0.145577270632642) (-0.157537573003021,-0.198247403385763)  (-0.275695776157096,0.137951750609495) (-0.077139175577066,-0.032649965256247)
  (0.165302729921942,0.156658672614611)  (-0.013491271000915,0.024075715154294)  (0.154192389908551,-0.145577270632642) (-0.001487563443186,-0.000000000000000)  (0.206221278672535,-0.137598221382343) (-0.013963166872222,-0.113736562753149)   (0.148445981496751,0.101420167841178)
(-0.181028691316055,-0.120597290145224)  (-0.098242133989352,0.240163495843250)  (-0.157537573003021,0.198247403385763)   (0.206221278672535,0.137598221382343) (-0.054303780702896,-0.000000000000000)  (0.114044985554972,-0.042434028936920) (-0.074116543500897,-0.091728895656597)
 (-0.261457094207564,0.302256935270320) (-0.084058620921239,-0.092484951340401) (-0.275695776157096,-0.137951750609495)  (-0.013963166872222,0.113736562753149)   (0.114044985554972,0.042434028936920)  (0.023775162035426,-0.000000000000000)  (-0.029122302642236,0.058757485262077)
 (0.141396612844764,-0.023311305673182)  (-0.087509086853462,0.065707585456767)  (-0.077139175577066,0.032649965256247)  (0.148445981496751,-0.101420167841178)  (-0.074116543500897,0.091728895656597) (-0.029122302642236,-0.058757485262077)   (0.060440796821224,0.000000000000000)
(-0.208298830167579,-0.000000000000000)   (0.014846279843285,0.033501860553502)  (-0.080173253121009,0.063497486350609) (-0.046832530180672,-0.230816365000505) (-0.001982534706454,-0.025962058792230) (-0.007348038178731,-0.086725514784739)   (0.182930777771087,0.241293051311624)
 (0.014846279843285,-0.033501860553502)  (-0.149760069066782,0.000000000000000)  (0.054072474863928,-0.115314199908502)  (0.343790900007234,-0.161199108251398)  (-0.088059293844812,0.190919587609848)   (0.130149704446796,0.053024134146718)  (-0.199736820426724,0.133580961492685)
(-0.080173253121009,-0.063497486350609)   (0.054072474863928,0.115314199908502)   (0.088596526565998,0.000000000000000)  (0.028140866198060,-0.022264893252137)   (0.174071178750156,0.091607122275189)   (0.025292656978494,0.042662626539178)  (0.096163041743707,-0.153473813187240)
 (-0.046832530180672,0.230816365000505)   (0.343790900007234,0.161199108251398)   (0.028140866198060,0.022264893252136)  (0.082047368656523,-0.000000000000000)  (-0.162147858934999,0.093968811839798) (-0.196472449799122,-0.016048205182197) (-0.057269696431236,-0.032564971661999)
 (-0.001982534706454,0.025962058792230) (-0.088059293844812,-0.190919587609848)  (0.174071178750156,-0.091607122275189) (-0.162147858934999,-0.093968811839798)  (-0.039067727847180,0.000000000000000) (-0.283711475192915,-0.077827379633533)   (0.160417395164081,0.193901173180370)
 (-0.007348038178731,0.086725514784739)  (0.130149704446796,-0.053024134146718)  (0.025292656978494,-0.042662626539178)  (-0.196472449799122,0.016048205182197)  (-0.283711475192915,0.077827379633533)  (-0.204570576814122,0.000000000000000)  (-0.053536391054042,0.062960399316787)
 (0.182930777771086,-0.241293051311624) (-0.199736820426724,-0.133580961492685)   (0.096163041743707,0.153473813187240)  (-0.057269696431236,0.032564971661999)  (0.160417395164081,-0.193901173180371) (-0.053536391054042,-0.062960399316787)  (0.431053308674775,-0.000000000000000)
 (0.070677041541173,-0.000000000000000)  (-0.056266536325963,0.187901815094018) (-0.078994251029885,-0.051297527315681)  (0.061755253399172,-0.255995155473232)   (0.261163633346045,0.012591379170701)  (-0.007124858874723,0.222152340890538)  (-0.021622888609195,0.302537174389665)
(-0.056266536325963,-0.187901815094018)  (-0.031278907109657,0.000000000000000)  (-0.439049110789246,0.156613674013510)   (0.132682908456918,0.016603139673963) (-0.074565619363119,-0.139735822372784)  (-0.277074176562345,0.126849521063566)   (0.141815303664511,0.168519325000599)
 (-0.078994251029885,0.051297527315681) (-0.439049110789246,-0.156613674013510)  (-0.039991321689549,0.000000000000000) (-0.055608399579700,-0.144031955707113)  (0.192241824188734,-0.096011380694497)  (0.041618338899322,-0.025586206867577)   (0.160636814993768,0.067308064794793)
  (0.061755253399172,0.255995155473232)  (0.132682908456918,-0.016603139673963)  (-0.055608399579700,0.144031955707113)  (-0.106731552119668,0.000000000000000)  (-0.003681381130272,0.197408188513423)  (0.056021963078662,-0.017034272777383)   (0.239091758564201,0.119255290484524)
 (0.261163633346045,-0.012591379170701)  (-0.074565619363119,0.139735822372784)   (0.192241824188734,0.096011380694497) (-0.003681381130272,-0.197408188513423)  (0.180118290329597,-0.000000000000000)   (0.061003924807055,0.009071170636478)  (0.004209124417179,-0.161247107410725)
(-0.007124858874723,-0.222152340890538) (-0.277074176562345,-0.126849521063566)   (0.041618338899322,0.025586206867577)   (0.056021963078662,0.017034272777383)  (0.061003924807055,-0.009071170636478) (-0.103366803210492,-0.000000000000000)   (0.100284187874129,0.243171508872860)
(-0.021622888609195,-0.302537174389665)  (0.141815303664511,-0.168519325000599)  (0.160636814993768,-0.067308064794793)  (0.239091758564201,-0.119255290484524)   (0.004209124417179,0.161247107410725)  (0.100284187874129,-0.243171508872860)  (0.030573252258170,-0.000000000000000)
  (0.066725851602578,0.000000000000000) (-0.345362772240729,-0.031547187486781) (-0.310997253632228,-0.176407811878930)  (-0.011422718296897,0.115392788481071)  (-0.136359361103401,0.400262872180233)   (0.131323432491899,0.058266571492378)   (0.158027585557889,0.172439880314853)
 (-0.345362772240729,0.031547187486781)  (0.024544459533553,-0.000000000000000)  (-0.019085469870629,0.137937760329216) (-0.115466235039026,-0.072561832373471)  (-0.098287295690447,0.093640085422487)  (-0.013301843613060,0.038674127363632) (-0.160504450463454,-0.210628969785630)
 (-0.310997253632228,0.176407811878930) (-0.019085469870629,-0.137937760329216)  (-0.160712751971867,0.000000000000000) (-0.100644589455046,-0.005059888117728)   (0.053941418696310,0.006831383683240) (-0.236813783068459,-0.046852479716288)  (0.378353434227139,-0.050525947007297)
(-0.011422718296897,-0.115392788481071)  (-0.115466235039026,0.072561832373471)  (-0.100644589455046,0.005059888117728)   (0.001799697961832,0.000000000000000)  (-0.162817252964161,0.183398046898450)   (0.232090791908932,0.060553610505532)  (-0.438878491635251,0.076039992943447)
(-0.136359361103401,-0.400262872180233) (-0.098287295690447,-0.093640085422487)  (0.053941418696310,-0.006831383683240) (-0.162817252964161,-0.183398046898450)   (0.085982145549558,0.000000000000000)  (0.316001763658730,-0.032067492502523)   (0.257920025482424,0.082852864225296)
 (0.131323432491899,-0.058266571492378) (-0.013301843613060,-0.038674127363632)  (-0.236813783068459,0.046852479716288)  (0.232090791908932,-0.060553610505532)   (0.316001763658730,0.032067492502523) (-0.089975976845357,-0.000000000000000)  (-0.284728108706535,0.246631799845763)
 (0.158027585557889,-0.172439880314853)  (-0.160504450463454,0.210628969785630)   (0.378353434227139,0.050525947007297) (-0.438878491635251,-0.076039992943447)  (0.257920025482424,-0.082852864225296) (-0.284728108706535,-0.246631799845763)   (0.071636574172134,0.000000000000000)
