  (0.008216840939767,0.000000000000000)  (-0.234827105554035,0.023817055128926)  (-0.049027817965108,0.001889753838036)   (0.041545231254697,0.012763662995230)  (0.029162292066202,-0.141300086586826)  (-0.016911087287035,0.079922802934173)   (0.055903952464532,0.172696483713185)
(-0.234827105554035,-0.023817055128926)  (-0.085086433113446,0.000000000000000)   (0.146665149004314,0.066867365305989)  (0.113788675954368,-0.009753948462568) (-0.013002546207872,-0.071263560794039)   (0.142962980774913,0.045507289616953)   (0.023586147682727,0.000664957570105)
(-0.049027817965108,-0.001889753838036)  (0.146665149004314,-0.066867365305989)   (0.197641882670071,0.000000000000000)  (-0.159601385905267,0.065131742629247) (-0.072956424603929,-0.044874098732017) (-0.090208528119525,-0.170683337389239) (-0.076812774911202,-0.215334421768038)
 (0.041545231254697,-0.012763662995230)   (0.113788675954368,0.009753948462568) (-0.159601385905267,-0.065131742629247)  (-0.054798082492744,0.000000000000000) (-0.018638840253272,-0.097454059130649)   (0.128741399508689,0.039372757740634)   (0.122959667516600,0.014198623428187)
  (0.029162292066202,0.141300086586826)  (-0.013002546207872,0.071263560794039)  (-0.072956424603929,0.044874098732017)  (-0.018638840253272,0.097454059130649)   (0.080610088603318,0.000000000000000)  (0.109834198279685,-0.146174218716023)  (-0.064284363757874,0.170107415847058)
(-0.016911087287035,-0.079922802934173)  (0.142962980774913,-0.045507289616953)  (-0.090208528119525,0.170683337389239)  (0.128741399508689,-0.039372757740634)   (0.109834198279685,0.146174218716023)  (-0.016949440324700,0.000000000000000)  (0.057110264079745,-0.023111768763269)
 (0.055903952464532,-0.172696483713185)  (0.023586147682727,-0.000664957570105)  (-0.076812774911202,0.215334421768038)  (0.122959667516600,-0.014198623428187) (-0.064284363757874,-0.170107415847058)   (0.057110264079745,0.023111768763269)  (-0.129634856294792,0.000000000000000)
 (-0.003122364536728,0.000000000000000)  (0.028145459777147,-0.082219211591508) (-0.099459436021773,-0.137343391262105)   (0.018507261512994,0.127596039673849)   (0.073077754458417,0.039219769421414)   (0.025287957336456,0.066359857425336)   (0.052768503562558,0.212400767359036)
  (0.028145459777147,0.082219211591508)  (-0.082298868726025,0.000000000000000)  (0.168563144036945,-0.257345261303918)   (0.228247285194334,0.051100138488772)   (0.138141853493233,0.014756925531340)  (-0.026174030498611,0.131582364733161)  (-0.008435142196718,0.018833594939710)
 (-0.099459436021773,0.137343391262105)   (0.168563144036945,0.257345261303918)  (-0.154492920028332,0.000000000000000)  (-0.049772136868733,0.052249429086430)  (-0.196493900946195,0.155359078758946)  (-0.040576340699781,0.009690622181491)  (0.110680161668279,-0.120906601541644)
 (0.018507261512994,-0.127596039673849)  (0.228247285194334,-0.051100138488772) (-0.049772136868733,-0.052249429086430)   (0.206670458874879,0.000000000000000)   (0.091264612540010,0.043089188224681)  (-0.031085623930048,0.207468649901692)  (-0.054050140095800,0.225519364775743)
 (0.073077754458417,-0.039219769421414)  (0.138141853493233,-0.014756925531340) (-0.196493900946195,-0.155359078758946)  (0.091264612540010,-0.043089188224681)  (-0.148706555121660,0.000000000000000)   (0.019077784084904,0.107460596848146)  (0.012075024557770,-0.148356657197815)
 (0.025287957336456,-0.066359857425336) (-0.026174030498611,-0.131582364733161) (-0.040576340699781,-0.009690622181491) (-0.031085623930048,-0.207468649901692)  (0.019077784084904,-0.107460596848146)   (0.234809713573516,0.000000000000000)  (0.050917126300922,-0.024831888445234)
 (0.052768503562558,-0.212400767359036) (-0.008435142196718,-0.018833594939710)   (0.110680161668279,0.120906601541644) (-0.054050140095800,-0.225519364775743)   (0.012075024557770,0.148356657197815)   (0.050917126300922,0.024831888445234)  (-0.052859464046690,0.000000000000000)
  (0.064992275010475,0.000000000000000)   (0.074256168538530,0.129479296661404)  (-0.235636527109097,0.139348703223948)  (0.224285966907637,-0.050104228819523)   (0.257513509406792,0.041674684498881)  (0.088425011110345,-0.029446682544604)  (0.054187683072265,-0.031712641994573)
 (0.074256168538530,-0.129479296661404)   (0.125181981400431,0.000000000000000) (-0.253226577098310,-0.115428027856413) (-0.221103655770749,-0.054838183549547)  (0.058954521563470,-0.076364408365141)  (-0.145582491650315,0.281137349792864) (-0.106608831253467,-0.035338224503393)
(-0.235636527109097,-0.139348703223948)  (-0.253226577098310,0.115428027856413)   (0.018023459847726,0.000000000000000) (-0.000456963202915,-0.206837968035964)  (0.073810762675305,-0.050696681670657) (-0.031276562215516,-0.130647010998421)   (0.157910028772135,0.256348512489287)
  (0.224285966907637,0.050104228819523)  (-0.221103655770749,0.054838183549547)  (-0.000456963202915,0.206837968035964)  (-0.271802243283739,0.000000000000000)  (-0.005927907829227,0.034986803329595)   (0.050333618913087,0.000612550296763)   (0.076045804476307,0.056784563177529)
 (0.257513509406792,-0.041674684498881)   (0.058954521563470,0.076364408365141)   (0.073810762675305,0.050696681670657) (-0.005927907829227,-0.034986803329595)  (-0.065637270122170,0.000000000000000)  (0.067220929406453,-0.072768053073503)  (-0.047942463782339,0.021548140170298)
  (0.088425011110345,0.029446682544604) (-0.145582491650315,-0.281137349792864)  (-0.031276562215516,0.130647010998421)  (0.050333618913087,-0.000612550296763)   (0.067220929406453,0.072768053073503)   (0.072064481711275,0.000000000000000)  (-0.148077878686970,0.207224390709421)
  (0.054187683072265,0.031712641994573)  (-0.106608831253467,0.035338224503393)  (0.157910028772135,-0.256348512489287)  (0.076045804476307,-0.056784563177529) (-0.047942463782339,-0.021548140170298) (-0.148077878686970,-0.207224390709421)   (0.057177315431032,0.000000000000000)
  (0.253842070690181,0.000000000000000)  (0.033172669811787,-0.019650289358207) (-0.099248897132014,-0.184971108854742) (-0.174730214895006,-0.084115472908097)   (0.123404862389648,0.010744917813588)   (0.049999089616620,0.017952559093343)  (-0.005279240050539,0.087407864567240)
  (0.033172669811787,0.019650289358207)  (-0.185649929248395,0.000000000000000) (-0.005818045631752,-0.222004902175607)  (-0.122809968663667,0.005581986385267)  (0.199713685230052,-0.036416800733240)  (0.068958844173717,-0.010434386823056)  (-0.221339048434201,0.047751069288087)
 (-0.099248897132014,0.184971108854742)  (-0.005818045631752,0.222004902175607)   (0.202621853623878,0.000000000000000) (-0.009048790383101,-0.115635352005483) (-0.095165319718249,-0.135150845297471) (-0.021450107117824,-0.283429503380390)  (0.260018601916544,-0.191247479153096)
 (-0.174730214895006,0.084115472908097) (-0.122809968663667,-0.005581986385267)  (-0.009048790383101,0.115635352005483)  (-0.116722167378851,0.000000000000000)  (0.063117734331471,-0.139276176521260)  (-0.084947873088405,0.185041813959239) (-0.116997735818851,-0.011847515680736)
 (0.123404862389648,-0.010744917813588)   (0.199713685230052,0.036416800733240)  (-0.095165319718249,0.135150845297471)   (0.063117734331471,0.139276176521260)  (-0.206384644854509,0.000000000000000)  (0.051408928001373,-0.020964472376814)   (0.021063872565156,0.155641642264104)
 (0.049999089616620,-0.017952559093343)   (0.068958844173717,0.010434386823056)  (-0.021450107117824,0.283429503380390) (-0.084947873088405,-0.185041813959239)   (0.051408928001373,0.020964472376814)   (0.032733885555078,0.000000000000000)  (-0.026514974013962,0.153961180409817)
(-0.005279240050539,-0.087407864567240) (-0.221339048434201,-0.047751069288087)   (0.260018601916544,0.191247479153096)  (-0.116997735818851,0.011847515680736)  (0.021063872565156,-0.155641642264104) (-0.026514974013962,-0.153961180409817)   (0.019558931619657,0.000000000000000)
  (0.098688691424963,0.000000000000000)   (0.272809771491264,0.096051894406818)  (-0.142398181760788,0.162137973648136)  (0.018102578718304,-0.185146416159575)   (0.056326673475978,0.186150294618763)   (0.123775762699676,0.032969099991500)   (0.027527867164125,0.101993232452513)
 (0.272809771491264,-0.096051894406818)   (0.027541218700391,0.000000000000000)  (-0.130573999114711,0.063900957236170)   (0.005060556452700,0.152633563960146)   (0.089716053089127,0.040955530684688)   (0.184174078925411,0.128348762974223) (-0.028412651660202,-0.056176352153174)
(-0.142398181760788,-0.162137973648136) (-0.130573999114711,-0.063900957236170)   (0.120392813668321,0.000000000000000)  (0.040099905078431,-0.002978716955818) (-0.048870012329562,-0.085706376869194)  (0.006151766591345,-0.119621242453343)   (0.070824074361093,0.116138145923275)
  (0.018102578718304,0.185146416159575)  (0.005060556452700,-0.152633563960146)   (0.040099905078431,0.002978716955818)   (0.004190292094064,0.000000000000000) (-0.121442452678051,-0.222721619917204)  (0.086123331984144,-0.116492492435925)  (0.020208000295012,-0.068188604099441)
 (0.056326673475978,-0.186150294618763)  (0.089716053089127,-0.040955530684688)  (-0.048870012329562,0.085706376869194)  (-0.121442452678051,0.222721619917204)  (-0.160506559956405,0.000000000000000) (-0.007688925570889,-0.044549631855096) (-0.164517164987662,-0.006897720207419)
 (0.123775762699676,-0.032969099991500)  (0.184174078925411,-0.128348762974223)   (0.006151766591345,0.119621242453343)   (0.086123331984144,0.116492492435925)  (-0.007688925570889,0.044549631855096)  (-0.090971029706902,0.000000000000000)  (-0.137035054406973,0.051107048233633)
 (0.027527867164125,-0.101993232452513)  (-0.028412651660202,0.056176352153174)  (0.070824074361093,-0.116138145923275)   (0.020208000295012,0.068188604099441)  (-0.164517164987662,0.006897720207419) (-0.137035054406973,-0.051107048233633)   (0.000664573773234,0.000000000000000)
 (-0.001577941065432,0.000000000000000)   (0.068808797069661,0.004555474423974)   (0.047813349931003,0.170919953990375)  (0.017931031598763,-0.003559477851023) (-0.058166167042748,-0.150517647483734)  (0.014599405699616,-0.041367567780555)   (0.068245748943580,0.102299370293657)
 (0.068808797069661,-0.004555474423974)  (-0.135296376454746,0.000000000000000)   (0.028067492786894,0.064509335406600) (-0.058686962961012,-0.163365723878529) (-0.001183883416768,-0.011082127744911)  (0.133995142527758,-0.003491766104946)   (0.117861007144324,0.085279415037572)
 (0.047813349931003,-0.170919953990375)  (0.028067492786894,-0.064509335406600)   (0.177974422225202,0.000000000000000)   (0.049727666637096,0.031641231667924)   (0.036539246874092,0.133447886446327) (-0.164544191935313,-0.021914492013354)  (0.054493658418939,-0.183968585858747)
  (0.017931031598763,0.003559477851023)  (-0.058686962961012,0.163365723878529)  (0.049727666637096,-0.031641231667924)   (0.039292357705486,0.000000000000000)   (0.020527159947539,0.088799228670757)  (0.034755009612148,-0.151891419720582)  (-0.033826302785302,0.069606001416338)
 (-0.058166167042748,0.150517647483734)  (-0.001183883416768,0.011082127744911)  (0.036539246874092,-0.133447886446327)  (0.020527159947539,-0.088799228670757)  (-0.074111533272518,0.000000000000000) (-0.091150369189259,-0.038339890628484)  (0.207487738005475,-0.196843352775226)
  (0.014599405699616,0.041367567780555)   (0.133995142527758,0.003491766104946)  (-0.164544191935313,0.021914492013354)   (0.034755009612148,0.151891419720582)  (-0.091150369189259,0.038339890628484)   (0.104570433409286,0.000000000000000)  (-0.084653383610806,0.048355493415993)
 (0.068245748943580,-0.102299370293657)  (0.117861007144324,-0.085279415037572)   (0.054493658418939,0.183968585858747) (-0.033826302785302,-0.069606001416338)   (0.207487738005475,0.196843352775226) (-0.084653383610806,-0.048355493415993)  (-0.110851362550915,0.000000000000000)
  (0.180066535526415,0.000000000000000)  (0.139625952983261,-0.047011109169128)  (0.088254717463985,-0.092443248228700)  (0.041157302135887,-0.012144953944790)   (0.023121904802357,0.094825582202613) (-0.129132701697461,-0.029984184951145)  (-0.178680467702260,0.099010917897498)
  (0.139625952983261,0.047011109169128)   (0.129170452659112,0.000000000000000)  (0.022131781389742,-0.181234035046071) (-0.146098034112360,-0.047484466621637)   (0.044882941521052,0.265942234636788)  (-0.037179836587339,0.117038636883545) (-0.086958843402021,-0.087151457272274)
  (0.088254717463985,0.092443248228700)   (0.022131781389742,0.181234035046071)  (-0.281176653543281,0.000000000000000)   (0.037501630123781,0.105558060022551)  (-0.021678582904574,0.038987084271473)  (0.067794407583640,-0.064552359303604)   (0.156857098403058,0.109556996072824)
  (0.041157302135887,0.012144953944790)  (-0.146098034112360,0.047484466621637)  (0.037501630123781,-0.105558060022551)  (-0.177127665484021,0.000000000000000) (-0.061448962214897,-0.093635624046303) (-0.089807379872448,-0.036159720864215) (-0.112667649007757,-0.178066213354980)
 (0.023121904802357,-0.094825582202613)  (0.044882941521052,-0.265942234636788) (-0.021678582904574,-0.038987084271473)  (-0.061448962214897,0.093635624046303)   (0.194584820581856,0.000000000000000)  (-0.011540007550786,0.241490376235512)  (-0.084350239638388,0.014952460195794)
 (-0.129132701697461,0.029984184951145) (-0.037179836587339,-0.117038636883545)   (0.067794407583640,0.064552359303604)  (-0.089807379872448,0.036159720864215) (-0.011540007550786,-0.241490376235512)   (0.254462857363578,0.000000000000000)   (0.071597822011878,0.084822331683991)
(-0.178680467702260,-0.099010917897498)  (-0.086958843402021,0.087151457272274)  (0.156857098403058,-0.109556996072824)  (-0.112667649007757,0.178066213354980) (-0.084350239638388,-0.014952460195794)  (0.071597822011878,-0.084822331683991)  (-0.299980347107407,0.000000000000000)
  (0.045501022586830,0.000000000000000)  (0.051873248521582,-0.063177010052902)  (-0.036926836271762,0.180757280697496)  (-0.183150220894529,0.022926859697413) (-0.073662713238683,-0.118489703644377)   (0.014175160668854,0.202869694074542)   (0.017589452189989,0.200896611380570)
  (0.051873248521582,0.063177010052902)  (-0.253559053283744,0.000000000000000)   (0.023287459309636,0.053714010120761)  (-0.072962846281056,0.180148379833822) (-0.113632117203475,-0.140687192481208)  (0.048430081042410,-0.105358243629053)  (-0.048057047160110,0.061090771349817)
(-0.036926836271762,-0.180757280697496)  (0.023287459309636,-0.053714010120761)   (0.357932510655558,0.000000000000000)  (-0.078316541078416,0.023417034402279)  (0.151881932074992,-0.030251662966587) (-0.112373619443111,-0.285032091973816)  (0.106572621675161,-0.111019308911897)
(-0.183150220894529,-0.022926859697413) (-0.072962846281056,-0.180148379833822) (-0.078316541078416,-0.023417034402279)  (-0.035521554653256,0.000000000000000) (-0.116595351077660,-0.059445575726854) (-0.008146895274942,-0.089651737094015)  (0.120471435310167,-0.106769347334133)
 (-0.073662713238683,0.118489703644377)  (-0.113632117203475,0.140687192481208)   (0.151881932074992,0.030251662966587)  (-0.116595351077660,0.059445575726854)  (-0.170391372713877,0.000000000000000)  (-0.048390036952577,0.001143239320050) (-0.070383180360069,-0.064386649898333)
 (0.014175160668854,-0.202869694074542)   (0.048430081042410,0.105358243629053)  (-0.112373619443111,0.285032091973816)  (-0.008146895274942,0.089651737094015) (-0.048390036952577,-0.001143239320050)   (0.007317837624125,0.000000000000000)  (0.161124631570313,-0.111362002898445)
 (0.017589452189989,-0.200896611380570) (-0.048057047160110,-0.061090771349817)   (0.106572621675161,0.111019308911897)   (0.120471435310167,0.106769347334133)  (-0.070383180360069,0.064386649898333)   (0.161124631570313,0.111362002898445)   (0.048720609783219,0.000000000000000)
 (-0.100854995972600,0.000000000000000) (-0.106054875163319,-0.230566403443765) (-0.190395946394338,-0.167206692325161)  (0.294654385391812,-0.178203780690711) (-0.208076346643783,-0.019988287616585)  (-0.111837333213913,0.073703273107300)   (0.076962803055534,0.032854317765099)
 (-0.106054875163319,0.230566403443765)  (-0.011967057991647,0.000000000000000)  (-0.114314617739545,0.106819617039966)   (0.134805692036001,0.052273804498301)   (0.145706216828229,0.028788269361026)   (0.157108661130897,0.070967858790622) (-0.130829503266325,-0.108702379371902)
 (-0.190395946394338,0.167206692325161) (-0.114314617739545,-0.106819617039966)   (0.222628090627860,0.000000000000000) (-0.086948526047327,-0.027692941051250) (-0.127578085885119,-0.301111446545486)  (0.350626062732972,-0.017540236092750)   (0.202409374517676,0.146212695776630)
  (0.294654385391812,0.178203780690711)  (0.134805692036001,-0.052273804498301)  (-0.086948526047327,0.027692941051250)   (0.265871566767906,0.000000000000000)   (0.117145945723535,0.081094207530249)  (0.181857031299182,-0.070418792545190)  (-0.138588509708255,0.066226462302777)
 (-0.208076346643783,0.019988287616585)  (0.145706216828229,-0.028788269361026)  (-0.127578085885119,0.301111446545486)  (0.117145945723535,-0.081094207530249)   (0.000447873735328,0.000000000000000)  (0.086802506401010,-0.062325772812990)  (-0.095737123099650,0.021982696220101)
(-0.111837333213913,-0.073703273107300)  (0.157108661130897,-0.070967858790622)   (0.350626062732972,0.017540236092750)   (0.181857031299182,0.070418792545190)   (0.086802506401010,0.062325772812990)  (-0.115689415053152,0.000000000000000)  (0.010359257685590,-0.115290317763954)
 (0.076962803055534,-0.032854317765099)  (-0.130829503266325,0.108702379371902)  (0.202409374517676,-0.146212695776630) (-0.138588509708255,-0.066226462302777) (-0.095737123099650,-0.021982696220101)   (0.010359257685590,0.115290317763954)  (-0.260436062115754,0.000000000000000)
