  (0.199811374669708,0.000000000000000)  (0.346294615637106,-0.537226468601964)   (0.151640200966740,0.313301122103295)  (0.361545267945387,-0.524372946944817)  (0.128170181759566,-1.266398905978913)   (0.704129736287475,0.197941624699334)   (0.544879070377342,0.315772814267980)
  (0.346294615637106,0.537226468601964)  (-0.701552645222861,0.000000000000000) (-0.397933213942406,-0.188643387770670)  (-0.072681690672044,0.105545498855303)  (0.945687814613156,-0.343428591397484) (-0.699951060362464,-0.264818984469529)   (0.033329131133603,0.673827293677815)
 (0.151640200966740,-0.313301122103295)  (-0.397933213942406,0.188643387770670)   (0.635780844506464,0.000000000000000) (-0.171473230569182,-0.848573199038481)  (0.347688403888806,-0.512465692856933) (-0.701951895923107,-0.618992889553352) (-0.017740669486978,-0.213121761172090)
  (0.361545267945387,0.524372946944817) (-0.072681690672044,-0.105545498855303)  (-0.171473230569182,0.848573199038481)  (-0.668950136054098,0.000000000000000)  (0.117689657448947,-0.209277401149342)  (0.094638168117433,-0.078794714183371)   (0.480443558535083,0.112605807646530)
  (0.128170181759566,1.266398905978913)   (0.945687814613156,0.343428591397484)   (0.347688403888806,0.512465692856933)   (0.117689657448947,0.209277401149342)   (0.235729709515782,0.000000000000000) (-0.202793654615213,-0.809313381234488)  (-0.200376159920983,0.420127808169678)
 (0.704129736287475,-0.197941624699334)  (-0.699951060362464,0.264818984469529)  (-0.701951895923107,0.618992889553352)   (0.094638168117433,0.078794714183371)  (-0.202793654615213,0.809313381234488)   (0.583853317771921,0.000000000000000)  (0.399098713419877,-0.041748759550707)
 (0.544879070377342,-0.315772814267980)  (0.033329131133603,-0.673827293677815)  (-0.017740669486978,0.213121761172090)  (0.480443558535083,-0.112605807646530) (-0.200376159920983,-0.420127808169678)   (0.399098713419877,0.041748759550707)  (-0.284672465186915,0.000000000000000)
 (-0.654701498683768,0.000000000000000) (-0.264282297828569,-0.611894563615549)  (0.459052770840937,-0.351872162045039)   (0.145277308270997,0.843645789579491)  (-0.858022534748524,0.123816699459774)   (0.131794995130130,0.548907660499678) (-1.415952872374180,-0.028836541163945)
 (-0.264282297828569,0.611894563615549)   (2.211174296808188,0.000000000000000)  (-0.366465391763402,0.181564939167140) (-0.446204904284707,-0.567991808017656)  (0.004581078978935,-0.539553858998952)   (0.083280302434533,0.192866841309717)  (-0.598770482589492,1.001113117667387)
  (0.459052770840937,0.351872162045039) (-0.366465391763402,-0.181564939167140)  (-1.715417546242237,0.000000000000000)  (1.018076458437451,-1.440036823389914)  (-0.170030966487708,0.019262503242665)   (0.488429328912255,0.732545793071550)   (0.447164201564491,0.746192213633880)
 (0.145277308270997,-0.843645789579491)  (-0.446204904284707,0.567991808017656)   (1.018076458437451,1.440036823389914)   (0.179867732717723,0.000000000000000)   (1.129851327996445,1.088634854630944)  (0.355810985490091,-0.631909702964441) (-0.670648411504915,-1.175698277470365)
(-0.858022534748524,-0.123816699459774)   (0.004581078978935,0.539553858998952) (-0.170030966487708,-0.019262503242665)  (1.129851327996445,-1.088634854630944)  (-0.128928423338439,0.000000000000000)  (-0.413164656478806,0.949384432008572) (-0.507583882930215,-0.792669174406373)
 (0.131794995130130,-0.548907660499678)  (0.083280302434533,-0.192866841309717)  (0.488429328912255,-0.732545793071550)   (0.355810985490091,0.631909702964441) (-0.413164656478806,-0.949384432008572)  (-0.424303722010842,0.000000000000000)  (-0.320596716499223,0.123875091329326)
 (-1.415952872374180,0.028836541163945) (-0.598770482589492,-1.001113117667387)  (0.447164201564491,-0.746192213633880)  (-0.670648411504915,1.175698277470365)  (-0.507583882930215,0.792669174406373) (-0.320596716499223,-0.123875091329326)   (0.532309160749375,0.000000000000000)
  (0.904406023586498,0.000000000000000)  (-1.515849668755641,0.170128457378074)  (0.368548971778325,-0.087382111198021)   (0.686668541453043,0.244980218115022)  (-0.528600202280952,0.390231475389225)  (-0.537394470767510,0.226285168045532)  (0.167113139405402,-0.641253728505617)
(-1.515849668755641,-0.170128457378074)  (-0.518204249663638,0.000000000000000)   (0.760710159511230,0.349588112299049)  (-0.381954199468464,1.206961680643034)   (0.129220763815694,0.026888142465975) (-0.516048242295851,-0.994370483030315)  (-0.869298483721447,0.564952147472140)
  (0.368548971778325,0.087382111198021)  (0.760710159511230,-0.349588112299049)   (0.571317911485594,0.000000000000000)  (0.583335038359253,-0.606386616928524) (-0.179799475951153,-0.442858050178038) (-1.042608549455446,-0.240671502066891)  (-0.036082423049095,1.091997321332211)
 (0.686668541453043,-0.244980218115022) (-0.381954199468464,-1.206961680643034)   (0.583335038359253,0.606386616928524)  (-0.539940153075185,0.000000000000000)  (-0.370778483452266,0.745468942282619)  (0.145484810765554,-0.104428254869534)  (1.889641562711928,-0.736614068281769)
(-0.528600202280952,-0.390231475389225)  (0.129220763815694,-0.026888142465975)  (-0.179799475951153,0.442858050178038) (-0.370778483452266,-0.745468942282619)  (-0.571808188221101,0.000000000000000)  (0.195345892736442,-0.652652606028199)  (-0.129997141187602,0.872952549174218)
(-0.537394470767510,-0.226285168045532)  (-0.516048242295851,0.994370483030315)  (-1.042608549455446,0.240671502066891)   (0.145484810765554,0.104428254869534)   (0.195345892736442,0.652652606028199)  (-0.447765072867193,0.000000000000000) (-0.262568993131293,-0.067253399979971)
  (0.167113139405402,0.641253728505617) (-0.869298483721447,-0.564952147472140) (-0.036082423049095,-1.091997321332211)   (1.889641562711928,0.736614068281769) (-0.129997141187602,-0.872952549174218)  (-0.262568993131293,0.067253399979971)   (0.601993728755026,0.000000000000000)
 (-0.633538510922035,0.000000000000000)  (-0.262254617304920,0.865262364190927)  (-0.518300360134028,0.505883286096672) (-0.689046140059706,-0.859716379534054)   (0.485618366341255,1.002104133825829)  (-0.807192652086424,0.273985446379379)   (0.072661159541516,0.427603656329269)
(-0.262254617304920,-0.865262364190927)   (0.178712714860902,0.000000000000000) (-0.423921691933736,-0.132890153242298)   (0.149338820080917,0.045145422198034)  (0.555934699855066,-0.452718053954598) (-0.908046751653784,-0.336068630696860)  (-0.043852735971309,0.550790307125453)
(-0.518300360134028,-0.505883286096672)  (-0.423921691933736,0.132890153242298)  (-0.482122627350496,0.000000000000000) (-0.672551980305091,-0.235569588180422)  (-0.604633044886944,0.299509479054505)  (0.482279299203234,-0.447614205090958)  (0.422995975713029,-0.106618860597901)
 (-0.689046140059706,0.859716379534054)  (0.149338820080917,-0.045145422198034)  (-0.672551980305091,0.235569588180422)  (-0.734463591450188,0.000000000000000)   (0.338718500354231,0.715979482179857) (-0.188411240097814,-0.668955668559710)  (-0.085393430159484,0.249210185813783)
 (0.485618366341255,-1.002104133825829)   (0.555934699855066,0.452718053954598) (-0.604633044886944,-0.299509479054505)  (0.338718500354231,-0.715979482179857)   (1.045581162274035,0.000000000000000)  (0.505198497284220,-0.502080851245529) (-0.265899088571891,-0.291661820686247)
(-0.807192652086424,-0.273985446379379)  (-0.908046751653784,0.336068630696860)   (0.482279299203234,0.447614205090958)  (-0.188411240097814,0.668955668559710)   (0.505198497284220,0.502080851245529)   (0.377511767695930,0.000000000000000) (-0.297960919126395,-0.038843866643057)
 (0.072661159541516,-0.427603656329269) (-0.043852735971309,-0.550790307125453)   (0.422995975713029,0.106618860597901) (-0.085393430159484,-0.249210185813783)  (-0.265899088571891,0.291661820686247)  (-0.297960919126395,0.038843866643057)   (0.248319084891850,0.000000000000000)
  (0.765063888686476,0.000000000000000)   (0.092356601492971,1.398517915583236)  (-0.359079625863940,0.571406188226194)   (0.209201251361532,0.091255634245772)   (0.138689753961015,0.638572435277492)   (1.190255672985800,0.380296659795564)   (0.128927830150007,0.022309595396481)
 (0.092356601492971,-1.398517915583236)  (-0.337857401647755,0.000000000000000)  (0.195305362314913,-0.614857679021586)  (0.740823904786224,-0.019147274187688)   (0.226814047925329,0.585263974317015) (-0.348647681217920,-0.192317030344565) (-0.449539218726366,-1.465949935920284)
(-0.359079625863940,-0.571406188226194)   (0.195305362314913,0.614857679021586)  (-0.516917581616475,0.000000000000000)  (0.277887958117582,-0.710292193368935)   (0.431706800861874,0.031153138664315)  (0.724495923171048,-0.539017818989064) (-0.578513466441989,-0.223825496907514)
 (0.209201251361532,-0.091255634245772)   (0.740823904786224,0.019147274187688)   (0.277887958117582,0.710292193368935)   (0.345212712129108,0.000000000000000)   (0.710633541903047,0.305067701534787) (-0.895843106360050,-0.134912322416101)  (0.436983522385727,-0.088180889420305)
 (0.138689753961015,-0.638572435277492)  (0.226814047925329,-0.585263974317015)  (0.431706800861874,-0.031153138664315)  (0.710633541903047,-0.305067701534787)  (-0.676116377210363,0.000000000000000)  (0.298115722157190,-0.457594549048335)  (-0.691418092625650,0.403756915455646)
 (1.190255672985800,-0.380296659795564)  (-0.348647681217920,0.192317030344565)   (0.724495923171048,0.539017818989064)  (-0.895843106360050,0.134912322416101)   (0.298115722157190,0.457594549048335)  (-0.488519970820560,0.000000000000000) (-0.412433558254571,-0.726785541647641)
 (0.128927830150007,-0.022309595396481)  (-0.449539218726366,1.465949935920284)  (-0.578513466441989,0.223825496907514)   (0.436983522385727,0.088180889420305) (-0.691418092625650,-0.403756915455646)  (-0.412433558254571,0.726785541647641)   (0.909134730479569,0.000000000000000)
 (-0.276636224259347,0.000000000000000)  (-0.401854598792852,0.040620960575640) (-0.269570092840058,-0.056762057361579)  (1.119114192609344,-0.258311604356774)   (0.194398349771107,0.446687904231243) (-0.185852965620997,-0.192087530760337)   (0.110194519556871,0.135348857394805)
(-0.401854598792852,-0.040620960575640)   (0.511779780522563,0.000000000000000)  (1.143328269682796,-1.454904370130500)  (1.305769760811527,-0.359454970230547) (-0.478158127365838,-1.048669885758951)  (-0.464886700852250,0.751268927217600) (-0.668982426618016,-0.201264216792900)
 (-0.269570092840058,0.056762057361579)   (1.143328269682796,1.454904370130500)  (-0.206334111597381,0.000000000000000) (-0.698480487977888,-0.593806911098924) (-0.074008145233958,-0.849141414499759)  (-0.224874839884197,0.350053585761717)  (-0.845929898134344,0.076626786554696)
  (1.119114192609344,0.258311604356774)   (1.305769760811527,0.359454970230547)  (-0.698480487977888,0.593806911098924)   (0.193787332477586,0.000000000000000)  (0.285075239720648,-0.304908918209391) (-0.382606704418884,-0.678638982899560)   (0.268541325327540,0.574953679063274)
 (0.194398349771107,-0.446687904231243)  (-0.478158127365838,1.048669885758951)  (-0.074008145233958,0.849141414499759)   (0.285075239720648,0.304908918209391)   (0.203693201146490,0.000000000000000) (-0.276945174720938,-0.661673808664496) (-0.106126199645950,-0.873537690443929)
 (-0.185852965620997,0.192087530760337) (-0.464886700852250,-0.751268927217600) (-0.224874839884197,-0.350053585761717)  (-0.382606704418884,0.678638982899560)  (-0.276945174720938,0.661673808664496)  (-0.411342738361666,0.000000000000000) (-0.293526959176822,-0.817850548621944)
 (0.110194519556871,-0.135348857394805)  (-0.668982426618016,0.201264216792900) (-0.845929898134344,-0.076626786554696)  (0.268541325327540,-0.574953679063274)  (-0.106126199645950,0.873537690443929)  (-0.293526959176822,0.817850548621944)  (-0.014947239928247,0.000000000000000)
  (1.231087105450842,0.000000000000000)   (0.144698468160612,0.813133973402563)  (-0.046912253115747,0.240020425595067)  (-0.276004570366984,0.249931135531686)  (-0.360735820096995,0.455483623348758)  (0.056847931832919,-0.697396232595781)  (0.591353720410537,-0.590889942820032)
 (0.144698468160612,-0.813133973402563)  (-1.859704662981441,0.000000000000000) (-0.941457128024861,-0.839244822477923)  (-0.417513217705135,0.284896341633713)  (-0.658963288031032,0.471181360684490)   (0.101738435931156,1.340869051927061)  (0.326368336958134,-0.507767543038938)
(-0.046912253115747,-0.240020425595067)  (-0.941457128024861,0.839244822477923)   (0.654860814686083,0.000000000000000)   (1.031793597200587,0.760758086031886)   (0.746066330386916,0.418995920707347)  (-0.454899509202218,0.216772542199774)  (0.347450092979794,-0.677946784436429)
(-0.276004570366984,-0.249931135531686) (-0.417513217705135,-0.284896341633713)  (1.031793597200587,-0.760758086031886)  (-1.014328153081847,0.000000000000000) (-0.288373658589896,-0.431063833674348)  (-1.024745849108424,0.040759573104302) (-0.393689536970970,-0.846421655800616)
(-0.360735820096995,-0.455483623348758) (-0.658963288031032,-0.471181360684490)  (0.746066330386916,-0.418995920707347)  (-0.288373658589896,0.431063833674348)  (-0.107655866112423,0.000000000000000) (-1.128724903851762,-0.145995318839657) (-0.287682354109135,-0.296217337896621)
  (0.056847931832919,0.697396232595781)  (0.101738435931156,-1.340869051927061) (-0.454899509202218,-0.216772542199774) (-1.024745849108424,-0.040759573104302)  (-1.128724903851762,0.145995318839657)  (-0.054523394556587,0.000000000000000)   (0.097366764926282,0.229898144332564)
  (0.591353720410537,0.590889942820032)   (0.326368336958134,0.507767543038938)   (0.347450092979794,0.677946784436429)  (-0.393689536970970,0.846421655800616)  (-0.287682354109135,0.296217337896621)  (0.097366764926282,-0.229898144332564)   (1.150264156595373,0.000000000000000)
  (1.433235024236498,0.000000000000000)  (0.404629619656480,-0.587613118912807)  (-0.156570211654453,0.325395665570716)  (-0.033540721494840,0.637180466293135)   (0.923077634944671,0.526713270714581)  (-0.331958048077619,1.366760629885992)   (0.444391203914425,0.284310251882450)
  (0.404629619656480,0.587613118912807)   (0.353294203269658,0.000000000000000) (-0.442207285488791,-0.872660456057176)   (0.947712942612547,0.344554974472210)  (0.477250052360077,-0.209757492548562)   (0.518690221971664,0.002912566624005)  (-0.220912701307555,0.762887089345829)
(-0.156570211654453,-0.325395665570716)  (-0.442207285488791,0.872660456057176)  (-0.047159313812407,0.000000000000000) (-0.271803708917573,-1.137569874505383)  (1.045505634101380,-0.367325480841281)  (-0.064138016194746,0.377316304166507)  (0.200318782830044,-0.317652362201342)
(-0.033540721494840,-0.637180466293135)  (0.947712942612547,-0.344554974472210)  (-0.271803708917573,1.137569874505383)  (-1.822249539871084,0.000000000000000)   (0.116686763102813,0.386385344759714)   (0.308269197721318,0.150063327147509) (-0.121491512568468,-0.187928783130442)
 (0.923077634944671,-0.526713270714581)   (0.477250052360077,0.209757492548562)   (1.045505634101380,0.367325480841281)  (0.116686763102813,-0.386385344759714)   (0.033756771354526,0.000000000000000) (-0.086588642299643,-0.047310671569278) (-0.392964272707255,-0.707702726786749)
(-0.331958048077619,-1.366760629885992)  (0.518690221971664,-0.002912566624005) (-0.064138016194746,-0.377316304166507)  (0.308269197721318,-0.150063327147509)  (-0.086588642299643,0.047310671569278)  (-0.641760380600929,0.000000000000000) (-0.447778601842836,-0.672973169230438)
 (0.444391203914425,-0.284310251882450) (-0.220912701307555,-0.762887089345829)   (0.200318782830044,0.317652362201342)  (-0.121491512568468,0.187928783130442)  (-0.392964272707255,0.707702726786749)  (-0.447778601842836,0.672973169230438)   (0.690883235423737,0.000000000000000)
 (-0.631649022025710,0.000000000000000)  (-0.540760478681931,0.512177354717776) (-0.446773178627841,-0.239699458426306)  (-0.908333843559503,0.274380073308114)  (-0.605396356337237,0.164085332689426)  (-0.120170685739329,0.603012847243304)   (0.441093672010241,0.394126407789063)
(-0.540760478681931,-0.512177354717776)  (-0.040786343868161,0.000000000000000)  (-0.843786708404673,1.077831741252954) (-0.483195304168170,-0.508257075072516)   (0.126654381774484,0.407477162035655)   (0.464055353356986,1.470552127800948)  (-0.622407072971284,0.496613461815418)
 (-0.446773178627841,0.239699458426306) (-0.843786708404673,-1.077831741252954)   (0.189718709895356,0.000000000000000)  (-1.253311826693853,0.404732361340855)  (-0.811121971781187,0.336775769236898) (-0.249510556991612,-0.011245242912545)   (0.707702379353103,0.284544229769093)
(-0.908333843559503,-0.274380073308114)  (-0.483195304168170,0.508257075072516) (-1.253311826693853,-0.404732361340855)  (-0.236060285269967,0.000000000000000)  (-0.168618393289607,0.166631384561524)   (0.647394423402031,0.050139941508998) (-1.679285746242790,-0.420291581424225)
(-0.605396356337237,-0.164085332689426)  (0.126654381774484,-0.407477162035655) (-0.811121971781187,-0.336775769236898) (-0.168618393289607,-0.166631384561524)  (-0.499244723788965,0.000000000000000)  (-0.261262596306116,0.012526312064935) (-0.141601345615508,-0.091877551433741)
(-0.120170685739329,-0.603012847243304)  (0.464055353356986,-1.470552127800948)  (-0.249510556991612,0.011245242912545)  (0.647394423402031,-0.050139941508998) (-0.261262596306116,-0.012526312064935)   (0.802629309786040,0.000000000000000)  (-0.434149321601536,0.579065676872907)
 (0.441093672010241,-0.394126407789063) (-0.622407072971284,-0.496613461815418)  (0.707702379353103,-0.284544229769093)  (-1.679285746242790,0.420291581424225)  (-0.141601345615508,0.091877551433741) (-0.434149321601536,-0.579065676872907)   (0.415392355271407,0.000000000000000)
