 (-0.018681147526425,0.000000000000000)  (0.188441370952491,-0.035645168964870)   (0.016000918389213,0.038752866337280)  (-0.011291164651780,0.013682991131057)  (-0.023689916816457,0.107479835365882) (-0.002130601656214,-0.036691538561074) (-0.064076828947349,-0.093905060399012)
  (0.188441370952491,0.035645168964870)   (0.142948489483152,0.000000000000000) (-0.111120512014872,-0.047933337616248)  (-0.082723387197158,0.037961156329359)   (0.015852114549609,0.075953685608977) (-0.127780152865909,-0.048277336117241) (-0.064156594255433,-0.002532710215450)
 (0.016000918389213,-0.038752866337280)  (-0.111120512014872,0.047933337616248)  (-0.146858220544417,0.000000000000000)  (0.075094171432148,-0.059092753415027)   (0.093043860162847,0.091851345017147)   (0.027356547804161,0.076783809938405)   (0.045490946446851,0.122506193273878)
(-0.011291164651780,-0.013682991131057) (-0.082723387197158,-0.037961156329359)   (0.075094171432148,0.059092753415027)   (0.051567341996558,0.000000000000000)  (-0.000750671427306,0.049664487301730) (-0.058480280535044,-0.011082303978775) (-0.127258168011521,-0.027301444986470)
(-0.023689916816457,-0.107479835365882)  (0.015852114549609,-0.075953685608977)  (0.093043860162847,-0.091851345017147) (-0.000750671427306,-0.049664487301730)  (-0.031978863323562,0.000000000000000)  (-0.079891312115713,0.112068908223159)  (0.047717406046625,-0.127622242692836)
 (-0.002130601656214,0.036691538561074)  (-0.127780152865909,0.048277336117241)  (0.027356547804161,-0.076783809938405)  (-0.058480280535044,0.011082303978775) (-0.079891312115713,-0.112068908223159)  (-0.034928959222005,0.000000000000000) (-0.003055515918712,-0.006140651699763)
 (-0.064076828947349,0.093905060399012)  (-0.064156594255433,0.002532710215450)  (0.045490946446851,-0.122506193273878)  (-0.127258168011521,0.027301444986470)   (0.047717406046625,0.127622242692836)  (-0.003055515918712,0.006140651699763)   (0.037931359136692,0.000000000000000)
  (0.064625060361330,0.000000000000000)  (-0.007650942562714,0.027750031616684)   (0.045563656584040,0.074705451438353) (-0.007046337271937,-0.109798025459773) (-0.053116617208242,-0.032098562445661) (-0.087979067731620,-0.043491387096688) (-0.071841119613387,-0.074008086540887)
(-0.007650942562714,-0.027750031616684)   (0.100356518168026,0.000000000000000)  (-0.126399749095004,0.134258249580857) (-0.146651225607631,-0.035880402397901) (-0.056488528280233,-0.062781235162567)  (0.027370867774142,-0.115303944104532)  (0.011449921909439,-0.077599430419657)
 (0.045563656584040,-0.074705451438353) (-0.126399749095004,-0.134258249580857)   (0.118549693012507,0.000000000000000)  (0.015176031123987,-0.001597092791021)  (0.102436859228733,-0.043378628621118)  (0.099207745230864,-0.000069555835312)  (-0.144258018061635,0.014438992060930)
 (-0.007046337271937,0.109798025459773)  (-0.146651225607631,0.035880402397901)   (0.015176031123987,0.001597092791021)  (-0.205181575875560,0.000000000000000) (-0.105789982474087,-0.048845624532260) (-0.021673473123544,-0.081769417033310)  (0.041135664503357,-0.129043361874938)
 (-0.053116617208242,0.032098562445661)  (-0.056488528280233,0.062781235162567)   (0.102436859228733,0.043378628621118)  (-0.105789982474087,0.048845624532260)   (0.093005062538421,0.000000000000000)   (0.001277001239491,0.003290428238227)   (0.072791856344309,0.109677866310860)
 (-0.087979067731620,0.043491387096688)   (0.027370867774142,0.115303944104532)   (0.099207745230864,0.000069555835312)  (-0.021673473123544,0.081769417033310)  (0.001277001239491,-0.003290428238227)  (-0.225067630655020,0.000000000000000)  (-0.054716442711477,0.033150012449470)
 (-0.071841119613387,0.074008086540887)   (0.011449921909439,0.077599430419657) (-0.144258018061635,-0.014438992060930)   (0.041135664503357,0.129043361874938)  (0.072791856344309,-0.109677866310860) (-0.054716442711477,-0.033150012449470)   (0.053712872450083,0.000000000000000)
 (-0.010634424849506,0.000000000000000) (-0.032120888712701,-0.123794936073229)  (0.201915120678143,-0.067968087005040)  (-0.194835682022041,0.091840235038280)  (-0.180888237388732,0.022380565987064) (-0.122038979834043,-0.026843601622557)  (-0.039458459047483,0.030552693800552)
 (-0.032120888712701,0.123794936073229)  (-0.186910840651216,0.000000000000000)   (0.156325274757445,0.077927903036561)   (0.169208735067284,0.010805068441309)   (0.042346174233641,0.105672777202885)  (0.111721393557131,-0.184236190293893)   (0.083875677278322,0.043819654485083)
  (0.201915120678143,0.067968087005040)  (0.156325274757445,-0.077927903036561)   (0.033235265591523,0.000000000000000)  (-0.007516956917048,0.173451391792133)  (-0.034437422919820,0.019503203870565)   (0.066091629122446,0.068297386441917) (-0.141116261476259,-0.164865444071648)
(-0.194835682022041,-0.091840235038280)  (0.169208735067284,-0.010805068441309) (-0.007516956917048,-0.173451391792133)   (0.189701447534350,0.000000000000000) (-0.064505135071906,-0.050545141979805)  (-0.045820230093688,0.026564029307395)  (-0.042395284897533,0.002440432215258)
(-0.180888237388732,-0.022380565987064)  (0.042346174233641,-0.105672777202885) (-0.034437422919820,-0.019503203870565)  (-0.064505135071906,0.050545141979805)   (0.078401855874408,0.000000000000000)  (-0.012674398204746,0.021792496793362)   (0.085213392669174,0.034999923229706)
 (-0.122038979834043,0.026843601622557)   (0.111721393557131,0.184236190293893)  (0.066091629122446,-0.068297386441917) (-0.045820230093688,-0.026564029307395) (-0.012674398204746,-0.021792496793362)  (-0.054452801259863,0.000000000000000)  (0.090313439216391,-0.171330703494063)
(-0.039458459047483,-0.030552693800552)  (0.083875677278322,-0.043819654485083)  (-0.141116261476259,0.164865444071648) (-0.042395284897533,-0.002440432215258)  (0.085213392669174,-0.034999923229706)   (0.090313439216391,0.171330703494063)  (-0.049340502239426,0.000000000000000)
 (-0.118694297344917,0.000000000000000) (-0.062358660338909,-0.001471616111240)   (0.086977998054845,0.130870626252860)   (0.065208481971109,0.007047508314899)  (-0.086525917725014,0.058786849073598) (-0.074046222195135,-0.033586098268347)  (0.059639192412653,-0.004022317503100)
 (-0.062358660338909,0.001471616111240)   (0.109546739732436,0.000000000000000)   (0.011757521849871,0.128183586377074)  (0.082965369544710,-0.012470130812965) (-0.138256978118421,-0.007650226668719)   (0.000032373362411,0.028724615034585)  (0.053730684268554,-0.000890824465251)
 (0.086977998054845,-0.130870626252860)  (0.011757521849871,-0.128183586377074)  (-0.044653572985357,0.000000000000000)  (-0.028932069089205,0.105136759816510)   (0.057152844732185,0.079246253056789)   (0.110937514441215,0.205854287249168)  (-0.223497143319609,0.097758721884992)
 (0.065208481971109,-0.007047508314899)   (0.082965369544710,0.012470130812965) (-0.028932069089205,-0.105136759816510)  (-0.074644505755725,0.000000000000000)  (-0.049249789809102,0.107506217461654)  (0.027316165885644,-0.117214223416728)   (0.105083816294091,0.051669555567036)
(-0.086525917725014,-0.058786849073598)  (-0.138256978118421,0.007650226668719)  (0.057152844732185,-0.079246253056789) (-0.049249789809102,-0.107506217461654)   (0.094953468554951,0.000000000000000)  (-0.060553174981270,0.030511182419490) (-0.004092862891481,-0.114148259362852)
 (-0.074046222195135,0.033586098268347)  (0.000032373362411,-0.028724615034585)  (0.110937514441215,-0.205854287249168)   (0.027316165885644,0.117214223416728) (-0.060553174981270,-0.030511182419490)  (-0.026836319271191,0.000000000000000)  (0.045815045872905,-0.124684669139498)
  (0.059639192412653,0.004022317503100)   (0.053730684268554,0.000890824465251) (-0.223497143319609,-0.097758721884992)  (0.105083816294091,-0.051669555567036)  (-0.004092862891481,0.114148259362852)   (0.045815045872905,0.124684669139498)   (0.060328487069448,0.000000000000000)
 (-0.016417161623235,0.000000000000000) (-0.267469962068376,-0.094928455467711)  (0.081861684648808,-0.149031273999507)  (-0.026852052790588,0.072927573971163) (-0.055983043583248,-0.147041256161031) (-0.093957033613719,-0.069638276360142) (-0.030215790430490,-0.122841327035203)
 (-0.267469962068376,0.094928455467711)  (-0.042706218455571,0.000000000000000)  (0.081676804895506,-0.003380185814932)  (0.011613101099069,-0.104055348093494) (-0.026278796313044,-0.023973085619758) (-0.106845834360535,-0.074915591641905)   (0.008159752687454,0.087066814405899)
  (0.081861684648808,0.149031273999507)   (0.081676804895506,0.003380185814932)  (-0.005916004527298,0.000000000000000)   (0.013884027846831,0.037404336115229)   (0.054160048202991,0.069878861688928)   (0.026229595683708,0.073807140151409) (-0.072910541599483,-0.062353040747267)
(-0.026852052790588,-0.072927573971163)   (0.011613101099069,0.104055348093494)  (0.013884027846831,-0.037404336115229)  (-0.095964087265726,0.000000000000000)   (0.062598487746848,0.171198158854962)  (-0.078369406137795,0.136629260558352)   (0.039849708661558,0.100709958608900)
 (-0.055983043583248,0.147041256161031)  (-0.026278796313044,0.023973085619758)  (0.054160048202991,-0.069878861688928)  (0.062598487746848,-0.171198158854962)   (0.162526242103184,0.000000000000000)   (0.008471056152325,0.037313020557830)  (0.134271771670092,-0.031939664668459)
 (-0.093957033613719,0.069638276360142)  (-0.106845834360535,0.074915591641905)  (0.026229595683708,-0.073807140151409) (-0.078369406137795,-0.136629260558352)  (0.008471056152325,-0.037313020557830)   (0.006252575333181,0.000000000000000)   (0.094317825889974,0.014818224704923)
 (-0.030215790430490,0.122841327035203)  (0.008159752687454,-0.087066814405899)  (-0.072910541599483,0.062353040747267)  (0.039849708661558,-0.100709958608900)   (0.134271771670092,0.031939664668459)  (0.094317825889974,-0.014818224704923)  (-0.007775345564076,0.000000000000000)
 (-0.011214377416633,0.000000000000000) (-0.017628116969166,-0.037838385186253) (-0.029012361542159,-0.121663558174374)  (-0.022184947237032,0.049648964668403)  (-0.010996563209193,0.107538662678371)  (-0.047319791052730,0.000164469180738)  (0.012497490960139,-0.060841678863379)
 (-0.017628116969166,0.037838385186253)   (0.190830053633468,0.000000000000000) (-0.028223018932288,-0.056332079151330)   (0.029894663983233,0.099782935132880) (-0.007243578048946,-0.002532450654805)  (-0.100086673690295,0.046415456819723) (-0.156891097184301,-0.140474155364744)
 (-0.029012361542159,0.121663558174374)  (-0.028223018932288,0.056332079151330)  (-0.056266206535726,0.000000000000000)  (-0.055474887607797,0.083199082959507) (-0.041294371396439,-0.071593554681409)   (0.110040247373283,0.005995307207084)  (-0.127302981454939,0.103316065143408)
(-0.022184947237032,-0.049648964668403)  (0.029894663983233,-0.099782935132880) (-0.055474887607797,-0.083199082959507)  (-0.121698198838004,0.000000000000000) (-0.057847794675929,-0.032797818711360)  (-0.049618859636604,0.159984431971030)  (0.073236024869471,-0.022591524732983)
(-0.010996563209193,-0.107538662678371)  (-0.007243578048946,0.002532450654805)  (-0.041294371396439,0.071593554681409)  (-0.057847794675929,0.032797818711360)  (-0.013187269413110,0.000000000000000)  (0.056415963997021,-0.029968314503328)  (-0.130067566459022,0.134863999626771)
(-0.047319791052730,-0.000164469180738) (-0.100086673690295,-0.046415456819723)  (0.110040247373283,-0.005995307207084) (-0.049618859636604,-0.159984431971030)   (0.056415963997021,0.029968314503328)  (-0.096316720060456,0.000000000000000)  (0.041566302579271,-0.053710293753532)
  (0.012497490960139,0.060841678863379)  (-0.156891097184301,0.140474155364744) (-0.127302981454939,-0.103316065143408)   (0.073236024869471,0.022591524732983) (-0.130067566459022,-0.134863999626771)   (0.041566302579271,0.053710293753532)   (0.107852718629412,0.000000000000000)
 (-0.155651553927370,0.000000000000000)  (-0.137712301765395,0.020047856824389) (-0.006671096352439,-0.022457360966554) (-0.003107350227507,-0.000598564564773)  (0.021755010493407,-0.067982687076580)   (0.101319042863355,0.039572393665944)  (0.166817031001218,-0.075871265740640)
(-0.137712301765395,-0.020047856824389)  (-0.098618512701265,0.000000000000000)   (0.049156114249411,0.128348950260365)   (0.113944889734176,0.003405717915023) (-0.047455572713229,-0.169749057569254)  (0.052333397116116,-0.048802005210095)   (0.090715813832772,0.072410842371641)
 (-0.006671096352439,0.022457360966554)  (0.049156114249411,-0.128348950260365)   (0.297673170613965,0.000000000000000) (-0.035574683311456,-0.081196621900091)   (0.045828301989261,0.004168711344215)   (0.021445522185480,0.095902641022070) (-0.184540329155613,-0.095098146583713)
 (-0.003107350227507,0.000598564564773)  (0.113944889734176,-0.003405717915023)  (-0.035574683311456,0.081196621900091)   (0.081662252764002,0.000000000000000)   (0.052385573154518,0.103639020638860)  (0.013526786157305,-0.001379667113788)   (0.140199888909812,0.180147925840499)
  (0.021755010493407,0.067982687076580)  (-0.047455572713229,0.169749057569254)  (0.045828301989261,-0.004168711344215)  (0.052385573154518,-0.103639020638860)  (-0.172397561739885,0.000000000000000)  (0.033835370906336,-0.123877414933661)  (0.000343848595725,-0.075710278263488)
 (0.101319042863355,-0.039572393665944)   (0.052333397116116,0.048802005210095)  (0.021445522185480,-0.095902641022070)   (0.013526786157305,0.001379667113788)   (0.033835370906336,0.123877414933661)  (-0.184796091233686,0.000000000000000) (-0.031899096246292,-0.020169634011947)
  (0.166817031001218,0.075871265740640)  (0.090715813832772,-0.072410842371641)  (-0.184540329155613,0.095098146583713)  (0.140199888909812,-0.180147925840499)   (0.000343848595725,0.075710278263488)  (-0.031899096246292,0.020169634011947)   (0.232128296224193,0.000000000000000)
 (-0.044270272388052,0.000000000000000)  (-0.016672435492637,0.033353685079418)  (0.014365812196544,-0.120945276128397)   (0.131915516178569,0.000525737439932)   (0.074620185581871,0.034827139024374)  (0.020704895417755,-0.141837511806037) (-0.011932188735260,-0.136261190824425)
(-0.016672435492637,-0.033353685079418)   (0.189024268400307,0.000000000000000) (-0.006163160775650,-0.040160360688716)  (0.093817747939239,-0.157175770455201)   (0.084514277547104,0.088021675242753)   (0.007709892021864,0.058552173917764)  (0.025135307454656,-0.099289234442427)
  (0.014365812196544,0.120945276128397)  (-0.006163160775650,0.040160360688716)  (-0.176783950901912,0.000000000000000)   (0.072891602133414,0.006399297926524)  (-0.138794931137541,0.022196855635875)   (0.058204120510175,0.178954091517698)  (-0.052559499357189,0.069959802901785)
 (0.131915516178569,-0.000525737439932)   (0.093817747939239,0.157175770455201)  (0.072891602133414,-0.006399297926524)  (-0.018917903969691,0.000000000000000)   (0.039227841270703,0.037351661698043)   (0.001577367908189,0.100850845865947)  (-0.041609273110765,0.050223975108928)
 (0.074620185581871,-0.034827139024374)  (0.084514277547104,-0.088021675242753) (-0.138794931137541,-0.022196855635875)  (0.039227841270703,-0.037351661698043)   (0.147173434063994,0.000000000000000)   (0.058208018088953,0.010789309198932)   (0.087026713468894,0.087652963906806)
  (0.020704895417755,0.141837511806037)  (0.007709892021864,-0.058552173917764)  (0.058204120510175,-0.178954091517698)  (0.001577367908189,-0.100850845865947)  (0.058208018088953,-0.010789309198932)  (-0.058542242714737,0.000000000000000)  (-0.090621502568250,0.101828373355056)
 (-0.011932188735260,0.136261190824425)   (0.025135307454656,0.099289234442427) (-0.052559499357189,-0.069959802901785) (-0.041609273110765,-0.050223975108928)  (0.087026713468894,-0.087652963906806) (-0.090621502568250,-0.101828373355056)  (-0.037683332490004,0.000000000000000)
  (0.103131190351194,0.000000000000000)   (0.055261924273425,0.192723098767498)   (0.099249366159988,0.109362832025096)  (-0.242118826514416,0.120789990701616)   (0.197227638189024,0.025663244509117)  (0.071261134015826,-0.049842466270883) (-0.074563566883935,-0.008161866718112)
 (0.055261924273425,-0.192723098767498)  (-0.011154523781489,0.000000000000000) (-0.006121637281408,-0.052974351678058) (-0.110163697679230,-0.013287423796968) (-0.094584329469241,-0.015194727417825) (-0.052624735306632,-0.077479819021304)   (0.097798776234157,0.104566695438047)
 (0.099249366159988,-0.109362832025096)  (-0.006121637281408,0.052974351678058)  (-0.157862383973468,0.000000000000000)   (0.059365583091039,0.045006532064828)   (0.083461353440757,0.242355466515064) (-0.217616183928268,-0.064920112986827) (-0.142712418909720,-0.101546725769253)
(-0.242118826514416,-0.120789990701616)  (-0.110163697679230,0.013287423796968)  (0.059365583091039,-0.045006532064828)  (-0.179832603977408,0.000000000000000) (-0.072127176032998,-0.032765087425878)  (-0.181625012157433,0.097228068543244)  (0.112563413403880,-0.096880238442492)
 (0.197227638189024,-0.025663244509117)  (-0.094584329469241,0.015194727417825)  (0.083461353440757,-0.242355466515064)  (-0.072127176032998,0.032765087425878)   (0.029637658448857,0.000000000000000)  (-0.109181337214241,0.074918403675258)  (0.060675674849336,-0.002189566977975)
  (0.071261134015826,0.049842466270883)  (-0.052624735306632,0.077479819021304)  (-0.217616183928268,0.064920112986827) (-0.181625012157433,-0.097228068543244) (-0.109181337214241,-0.074918403675258)   (0.053857483062424,0.000000000000000)   (0.008386697051435,0.136972613252632)
 (-0.074563566883935,0.008161866718112)  (0.097798776234157,-0.104566695438047)  (-0.142712418909720,0.101546725769253)   (0.112563413403880,0.096880238442492)   (0.060675674849336,0.002189566977975)  (0.008386697051435,-0.136972613252632)   (0.162223179870207,0.000000000000000)
