  (0.283909360322442,0.000000000000000) (-0.039932681912389,-0.161898258014955)  (-0.130117471564114,0.343570196272950)  (-0.181737497017873,0.022588646830742)  (0.046148164414047,-0.077507195211999)  (-0.038347803422342,0.178291549704007) (-0.078544859626864,-0.122400692342082)
 (-0.039932681912389,0.161898258014955)   (0.018917422045246,0.000000000000000)  (-0.130412452494574,0.053246989504314)  (-0.121859957659396,0.067126618998953) (-0.077776452205616,-0.097440648472538) (-0.162814421325830,-0.019636632464892)  (0.026825568029410,-0.192395449185892)
(-0.130117471564114,-0.343570196272950) (-0.130412452494574,-0.053246989504314)  (-0.165017620394523,0.000000000000000)  (-0.011746335727046,0.031189091453756) (-0.179479869744498,-0.159877610977387)   (0.054475895561274,0.171172207704766) (-0.214263791614790,-0.094672512608630)
(-0.181737497017873,-0.022588646830742) (-0.121859957659396,-0.067126618998953) (-0.011746335727046,-0.031189091453756)   (0.105249404044787,0.000000000000000) (-0.006507765626066,-0.110923520259948)   (0.194695562119825,0.047393552315463)  (0.090459492882977,-0.003778284853445)
  (0.046148164414047,0.077507195211999)  (-0.077776452205616,0.097440648472538)  (-0.179479869744498,0.159877610977387)  (-0.006507765626066,0.110923520259948)  (-0.142809061960367,0.000000000000000)  (-0.061965624305304,0.005645009352098)   (0.042727743808324,0.048663232499613)
(-0.038347803422342,-0.178291549704007)  (-0.162814421325830,0.019636632464892)  (0.054475895561274,-0.171172207704766)  (0.194695562119825,-0.047393552315463) (-0.061965624305304,-0.005645009352098)  (-0.016479020762734,0.000000000000000)  (0.047965620634063,-0.017815015688473)
 (-0.078544859626864,0.122400692342082)   (0.026825568029410,0.192395449185892)  (-0.214263791614790,0.094672512608630)   (0.090459492882977,0.003778284853445)  (0.042727743808324,-0.048663232499613)   (0.047965620634063,0.017815015688473)  (-0.083770483294852,0.000000000000000)
  (0.055032087100105,0.000000000000000)   (0.178084250220195,0.092170888423081)  (-0.170405700676452,0.004722683418883)  (-0.011226514681382,0.059582251432404)  (-0.026774541538118,0.035008864387922)  (-0.040031913311522,0.052062706960807)  (-0.232432531151898,0.184538810365898)
 (0.178084250220195,-0.092170888423081)   (0.208863282909646,0.000000000000000)  (-0.085893460473655,0.213341536656950)   (0.113995065987771,0.226614976976881)   (0.084695594380700,0.018692081023683)   (0.043372302500858,0.130650867318661)  (0.040016811332218,-0.023025797986098)
(-0.170405700676452,-0.004722683418883) (-0.085893460473655,-0.213341536656950)   (0.073020730536246,0.000000000000000)  (-0.032881800155253,0.098820591205512)  (0.253010193325791,-0.020425549145792)   (0.075398315566019,0.187724531879241)  (-0.061236509306461,0.113259135690940)
(-0.011226514681382,-0.059582251432404)  (0.113995065987771,-0.226614976976881) (-0.032881800155253,-0.098820591205512)  (-0.115563957520335,0.000000000000000) (-0.045872377121240,-0.080784982985358)  (-0.149869522275841,0.175300550161929)   (0.046308763073597,0.085597439719904)
(-0.026774541538118,-0.035008864387922)  (0.084695594380700,-0.018692081023683)   (0.253010193325791,0.020425549145792)  (-0.045872377121240,0.080784982985358)  (-0.098559112516668,0.000000000000000)   (0.148095145764440,0.155177527227572)  (0.243359193480617,-0.173285493288382)
(-0.040031913311522,-0.052062706960807)  (0.043372302500858,-0.130650867318661)  (0.075398315566019,-0.187724531879241) (-0.149869522275841,-0.175300550161929)  (0.148095145764440,-0.155177527227572)  (-0.104197155434199,0.000000000000000)  (0.001831213966442,-0.143474044881761)
(-0.232432531151898,-0.184538810365898)   (0.040016811332218,0.023025797986098) (-0.061236509306461,-0.113259135690940)  (0.046308763073597,-0.085597439719904)   (0.243359193480617,0.173285493288382)   (0.001831213966442,0.143474044881761)  (-0.018595875074799,0.000000000000000)
  (0.229514675949311,0.000000000000000)  (-0.016778606650404,0.217770176636563)  (-0.008448891620556,0.242558131055712)   (0.013452257577046,0.169832462150597)  (-0.077085060654018,0.183547891069888)  (0.023128864917966,-0.129023857549522)  (0.008952057713180,-0.116333249058617)
(-0.016778606650404,-0.217770176636563)  (-0.001373906980369,0.000000000000000) (-0.219053253806801,-0.056857937519559)  (-0.124934911100760,0.006465580631837)  (0.174772831488157,-0.017892328599252) (-0.019327856387840,-0.020909747554827)  (-0.038661737126930,0.008688143965625)
(-0.008448891620556,-0.242558131055712)  (-0.219053253806801,0.056857937519559)   (0.068561469096347,0.000000000000000)  (0.014227270776523,-0.008645702562363) (-0.091351985267645,-0.009482908861101)  (-0.138763845084522,0.058789455016453)  (-0.046098745230706,0.073747625548814)
 (0.013452257577046,-0.169832462150597) (-0.124934911100760,-0.006465580631837)   (0.014227270776523,0.008645702562363)  (-0.039390734453910,0.000000000000000) (-0.048916691727034,-0.083848180640063)   (0.036366141977353,0.067093774876151)   (0.103640132267271,0.351175326928451)
(-0.077085060654018,-0.183547891069888)   (0.174772831488157,0.017892328599252)  (-0.091351985267645,0.009482908861101)  (-0.048916691727034,0.083848180640063)  (-0.013003210372635,0.000000000000000) (-0.068149552381412,-0.200740824908315)   (0.017521324950980,0.141727020136028)
  (0.023128864917966,0.129023857549522)  (-0.019327856387840,0.020909747554827) (-0.138763845084522,-0.058789455016453)  (0.036366141977353,-0.067093774876151)  (-0.068149552381412,0.200740824908315)  (-0.058129024066010,0.000000000000000)  (-0.121900065767792,0.169813632168999)
  (0.008952057713180,0.116333249058617) (-0.038661737126930,-0.008688143965625) (-0.046098745230706,-0.073747625548814)  (0.103640132267271,-0.351175326928451)  (0.017521324950980,-0.141727020136028) (-0.121900065767792,-0.169813632168999)  (-0.186179269172726,0.000000000000000)
  (0.123844109720390,0.000000000000000)   (0.172970095835588,0.126254283902456)  (0.009359096593276,-0.123843448712529) (-0.152790940496092,-0.196392486720707)  (-0.036001816372264,0.356949388329160) (-0.003991525581544,-0.216063879803846)   (0.223239485602872,0.061329071530097)
 (0.172970095835588,-0.126254283902456)  (-0.051459931369743,0.000000000000000)  (-0.032194107935012,0.053963914310082) (-0.222214668153909,-0.045036772310469) (-0.001302635466155,-0.020922405419576)   (0.012138843849128,0.008374392802693) (-0.200111212586497,-0.032796827477984)
  (0.009359096593276,0.123843448712529) (-0.032194107935012,-0.053963914310082)   (0.163371658187212,0.000000000000000) (-0.114148696988725,-0.025114176959418)   (0.245736934264785,0.026043258741633)   (0.203386412507589,0.214017795876370) (-0.079012750914688,-0.160226287256698)
 (-0.152790940496092,0.196392486720707)  (-0.222214668153909,0.045036772310469)  (-0.114148696988725,0.025114176959418)  (-0.312193388820370,0.000000000000000)  (0.000337048528610,-0.185697951309330)  (-0.021106287338277,0.144737557766494)  (-0.021894324627664,0.087887654269822)
(-0.036001816372264,-0.356949388329160)  (-0.001302635466155,0.020922405419576)  (0.245736934264785,-0.026043258741633)   (0.000337048528610,0.185697951309330)  (-0.170358455101742,0.000000000000000)   (0.114680438767268,0.153742100627299)  (-0.191659138575559,0.085912544696682)
 (-0.003991525581544,0.216063879803846)  (0.012138843849128,-0.008374392802693)  (0.203386412507589,-0.214017795876370) (-0.021106287338277,-0.144737557766494)  (0.114680438767268,-0.153742100627299)   (0.072102948318280,0.000000000000000)   (0.088216138006007,0.112711117049067)
 (0.223239485602872,-0.061329071530097)  (-0.200111212586497,0.032796827477984)  (-0.079012750914688,0.160226287256698) (-0.021894324627664,-0.087887654269822) (-0.191659138575559,-0.085912544696682)  (0.088216138006007,-0.112711117049067)   (0.174693059065967,0.000000000000000)
  (0.004960913618115,0.000000000000000) (-0.156706067166955,-0.033213074033136) (-0.010342912361996,-0.131815295409891) (-0.115855919124754,-0.183247103716638)  (0.137831601914537,-0.172505160128640) (-0.007208699054742,-0.265312933422361)  (-0.036670707874637,0.056928218315207)
 (-0.156706067166955,0.033213074033136)  (-0.045853560811848,0.000000000000000)  (0.051436922196659,-0.038675996042259)   (0.089955859184777,0.104097056589693)   (0.152491000052081,0.077702182701598)  (-0.108974167532230,0.137241721882175)   (0.026643153170426,0.108254434486836)
 (-0.010342912361996,0.131815295409891)   (0.051436922196659,0.038675996042259)  (-0.025772993080250,0.000000000000000)  (0.027416931794634,-0.012493176539330)  (-0.059959415510899,0.093709806654636)  (0.040503108992814,-0.091864896369408)  (0.075284756902930,-0.001377235492975)
 (-0.115855919124754,0.183247103716638)  (0.089955859184777,-0.104097056589693)   (0.027416931794634,0.012493176539330)  (-0.171562817697170,0.000000000000000)  (-0.116469929096753,0.082784576310843)  (0.094668667184409,-0.006463943504375)   (0.029813197068582,0.139707868649781)
  (0.137831601914537,0.172505160128640)  (0.152491000052081,-0.077702182701598) (-0.059959415510899,-0.093709806654636) (-0.116469929096753,-0.082784576310843)   (0.015080098358382,0.000000000000000)   (0.102355065085419,0.141777125437735)   (0.032021208766273,0.008705749216044)
 (-0.007208699054742,0.265312933422361) (-0.108974167532230,-0.137241721882175)   (0.040503108992814,0.091864896369408)   (0.094668667184409,0.006463943504375)  (0.102355065085419,-0.141777125437735)  (-0.003724228761330,0.000000000000000)  (-0.052636854748344,0.224128628278296)
(-0.036670707874637,-0.056928218315207)  (0.026643153170426,-0.108254434486836)   (0.075284756902930,0.001377235492975)  (0.029813197068582,-0.139707868649781)  (0.032021208766273,-0.008705749216044) (-0.052636854748344,-0.224128628278296)   (0.226872588374106,0.000000000000000)
 (-0.319587065746343,0.000000000000000)   (0.076635813878014,0.045302586022851)   (0.150888770077373,0.111103169618986)   (0.071427249021190,0.122639625584238)  (-0.071209874883398,0.096789002838720) (-0.121585840231324,-0.031641734375342)  (0.071712558854930,-0.057850187594635)
 (0.076635813878014,-0.045302586022851)   (0.296365911396350,0.000000000000000) (-0.166307585432262,-0.048813007572271) (-0.050470095789106,-0.058866438399887)   (0.053150496384705,0.125311975277121)  (-0.062603187550990,0.050909918477925) (-0.155947134603765,-0.105707351430485)
 (0.150888770077373,-0.111103169618986)  (-0.166307585432262,0.048813007572271)   (0.220448352830400,0.000000000000000)  (-0.044864296551179,0.192271178816242) (-0.138301916234853,-0.076522978061550)   (0.037185548219160,0.014224612384873)  (-0.207966080845567,0.023285432975227)
 (0.071427249021190,-0.122639625584238)  (-0.050470095789106,0.058866438399887) (-0.044864296551179,-0.192271178816242)  (-0.106912044931642,0.000000000000000)  (-0.067592110898689,0.126035955094032)  (-0.160673328004719,0.034849826853377)   (0.025682355169004,0.005745038719790)
(-0.071209874883398,-0.096789002838720)  (0.053150496384705,-0.125311975277121)  (-0.138301916234853,0.076522978061550) (-0.067592110898689,-0.126035955094032)  (-0.134956968480645,0.000000000000000) (-0.097234907914302,-0.078112712518571) (-0.021854489404009,-0.035740722378517)
 (-0.121585840231324,0.031641734375342) (-0.062603187550990,-0.050909918477925)  (0.037185548219160,-0.014224612384873) (-0.160673328004719,-0.034849826853377)  (-0.097234907914302,0.078112712518571)   (0.018229008861254,0.000000000000000) (-0.067032181662590,-0.102464013875711)
  (0.071712558854930,0.057850187594635)  (-0.155947134603765,0.105707351430485) (-0.207966080845567,-0.023285432975227)  (0.025682355169004,-0.005745038719790)  (-0.021854489404009,0.035740722378517)  (-0.067032181662590,0.102464013875711)   (0.026412806070614,0.000000000000000)
  (0.122113809076849,0.000000000000000)  (-0.131763255327506,0.043252751593526)   (0.024645342021605,0.018088161348421) (-0.153993057557913,-0.150031365664144)  (0.032859443055092,-0.024421904824073)   (0.127159463270667,0.120287412792512)  (0.108183899518170,-0.062675677592305)
(-0.131763255327506,-0.043252751593526)  (-0.218974430683487,0.000000000000000) (-0.083827679610899,-0.107782523574904)  (-0.029815416772175,0.155432625690497) (-0.082354325542801,-0.017834145078241)   (0.052475458704929,0.079510007731468) (-0.012705706889453,-0.102254413611263)
 (0.024645342021605,-0.018088161348421)  (-0.083827679610899,0.107782523574904)   (0.577606118462396,0.000000000000000)   (0.218954998925353,0.105930931792552)   (0.002278493043140,0.009437695129261)   (0.168554435475248,0.080236650964059)  (-0.077202289907072,0.073974239530744)
 (-0.153993057557913,0.150031365664144) (-0.029815416772175,-0.155432625690497)  (0.218954998925353,-0.105930931792552)   (0.013728590237816,0.000000000000000)   (0.245895831329454,0.010376700276920)  (-0.186960677388462,0.012696427244180)   (0.000287589988221,0.008342797526911)
  (0.032859443055092,0.024421904824073)  (-0.082354325542801,0.017834145078241)  (0.002278493043140,-0.009437695129261)  (0.245895831329454,-0.010376700276920)  (-0.373140029758279,0.000000000000000)  (-0.099275023026378,0.222931356017568) (-0.042605753143771,-0.086246254476819)
 (0.127159463270667,-0.120287412792512)  (0.052475458704929,-0.079510007731468)  (0.168554435475248,-0.080236650964059) (-0.186960677388462,-0.012696427244180) (-0.099275023026378,-0.222931356017568)   (0.013618447966896,0.000000000000000)  (0.145343208418959,-0.058475171165630)
  (0.108183899518170,0.062675677592305)  (-0.012705706889453,0.102254413611263) (-0.077202289907072,-0.073974239530744)  (0.000287589988221,-0.008342797526911)  (-0.042605753143771,0.086246254476819)   (0.145343208418959,0.058475171165630)  (-0.134952505302191,0.000000000000000)
 (-0.135936975447745,0.000000000000000) (-0.059536113397953,-0.002457882210570)   (0.081611320667032,0.023722081508904)  (-0.000989217464978,0.240474353122522) (-0.128710495048556,-0.277222419291682)  (-0.014865742029130,0.136804890994559)   (0.112368233643762,0.134364805682767)
 (-0.059536113397953,0.002457882210570)  (-0.048931827865366,0.000000000000000)  (0.156314032654153,-0.166135696087965)   (0.056815410954408,0.150895740291014)  (-0.081489996674356,0.154729733662558) (-0.157111590551924,-0.205782349894522) (-0.024647601564129,-0.069608553268390)
 (0.081611320667032,-0.023722081508904)   (0.156314032654153,0.166135696087965)  (-0.224277322905696,0.000000000000000)   (0.111096255831557,0.087965832153846) (-0.123255674331830,-0.126377832219818)  (0.139227515711193,-0.117718667340930)  (0.044433749041584,-0.032074658141978)
(-0.000989217464978,-0.240474353122522)  (0.056815410954408,-0.150895740291014)  (0.111096255831557,-0.087965832153846)  (-0.248602100741275,0.000000000000000)  (0.142809121178211,-0.094292971799331) (-0.033814482033206,-0.100651421476485)  (0.099051692419123,-0.100768596916555)
 (-0.128710495048556,0.277222419291682) (-0.081489996674356,-0.154729733662558)  (-0.123255674331830,0.126377832219818)   (0.142809121178211,0.094292971799331)   (0.286591199789696,0.000000000000000)  (-0.064097917169503,0.236133179604796)  (-0.031083593034586,0.163990835543218)
(-0.014865742029130,-0.136804890994559)  (-0.157111590551924,0.205782349894522)   (0.139227515711193,0.117718667340930)  (-0.033814482033206,0.100651421476485) (-0.064097917169503,-0.236133179604796)   (0.077584600695831,0.000000000000000)   (0.040245018901193,0.116530136045758)
 (0.112368233643762,-0.134364805682767)  (-0.024647601564129,0.069608553268390)   (0.044433749041584,0.032074658141978)   (0.099051692419123,0.100768596916555) (-0.031083593034586,-0.163990835543218)  (0.040245018901193,-0.116530136045758)   (0.293572426474550,0.000000000000000)
 (-0.142868062245051,0.000000000000000) (-0.170348569345905,-0.051236816362193)  (0.055919176124956,-0.123488280248747)   (0.106215408914138,0.023272457192766) (-0.041086665124126,-0.016027009640376)  (0.054387194843361,-0.045543408699193) (-0.050213025535391,-0.008656174755439)
 (-0.170348569345905,0.051236816362193)  (-0.101608699323281,0.000000000000000)  (-0.063495389791240,0.110015581579144)  (-0.084846787953624,0.070428012648350)  (-0.040798635294558,0.103680608454357)  (0.152789827541649,-0.168698937517999)  (0.008090864865399,-0.170435391259055)
  (0.055919176124956,0.123488280248747) (-0.063495389791240,-0.110015581579144)  (-0.146972840600748,0.000000000000000)   (0.036012464906903,0.179209967776308)  (-0.008634455190244,0.027987366150822)   (0.131345152663353,0.083772399173130)   (0.012341943194959,0.047592924785086)
 (0.106215408914138,-0.023272457192766) (-0.084846787953624,-0.070428012648350)  (0.036012464906903,-0.179209967776308)   (0.189941843871213,0.000000000000000)  (0.016413584885061,-0.062032048469440)  (0.088724315237042,-0.076450699442620)  (-0.087400043455160,0.104301486976553)
 (-0.041086665124126,0.016027009640376) (-0.040798635294558,-0.103680608454357) (-0.008634455190244,-0.027987366150822)   (0.016413584885061,0.062032048469440)   (0.109818826634816,0.000000000000000)  (-0.076765877100460,0.069624686049370) (-0.052719274263548,-0.084469722391929)
  (0.054387194843361,0.045543408699193)   (0.152789827541649,0.168698937517999)  (0.131345152663353,-0.083772399173130)   (0.088724315237042,0.076450699442620) (-0.076765877100460,-0.069624686049370)   (0.061329136180549,0.000000000000000)   (0.068047848955931,0.149026439029712)
 (-0.050213025535391,0.008656174755439)   (0.008090864865399,0.170435391259055)  (0.012341943194959,-0.047592924785086) (-0.087400043455160,-0.104301486976553)  (-0.052719274263548,0.084469722391929)  (0.068047848955931,-0.149026439029712)   (0.030359795482506,0.000000000000000)
