  (0.102941025434426,0.000000000000000) (-0.017579831647784,-0.152390124681895)  (-0.286942166745628,0.469927702499776)  (-0.089774548350093,0.059006093982851)   (0.087950363014438,0.038139889468631)  (-0.280029614935047,0.182778562548940)  (-0.109385763635540,0.070390713446770)
 (-0.017579831647784,0.152390124681895)  (-0.087052475806061,0.000000000000000)  (-0.027187482590744,0.142896246628919)  (0.124798972587115,-0.036010186021589) (-0.165258373098105,-0.110784817749917)  (0.095431566054307,-0.168067857293474) (-0.297653168288762,-0.180549834681208)
(-0.286942166745628,-0.469927702499776) (-0.027187482590744,-0.142896246628919)  (-0.139267972330915,0.000000000000000) (-0.088758917638343,-0.121248747512747)  (-0.087251549813385,0.058681300898787)  (0.061827208314140,-0.081941906529450)  (-0.279729554703893,0.022427071383119)
(-0.089774548350093,-0.059006093982851)   (0.124798972587115,0.036010186021589)  (-0.088758917638343,0.121248747512747)  (-0.178671960001998,0.000000000000000)  (-0.195199428168299,0.199755173946646)  (-0.221950562053886,0.020867024929704)  (-0.022166438205285,0.156421123159459)
 (0.087950363014438,-0.038139889468631)  (-0.165258373098105,0.110784817749917) (-0.087251549813385,-0.058681300898787) (-0.195199428168299,-0.199755173946646)   (0.476436760566747,0.000000000000000)  (0.237273608459597,-0.214488097691135)   (0.247821217884767,0.193649759726296)
(-0.280029614935047,-0.182778562548940)   (0.095431566054307,0.168067857293474)   (0.061827208314140,0.081941906529450) (-0.221950562053886,-0.020867024929704)   (0.237273608459597,0.214488097691135)  (-0.062567770116469,0.000000000000000)  (0.287388797440389,-0.028269362708655)
(-0.109385763635540,-0.070390713446770)  (-0.297653168288762,0.180549834681208) (-0.279729554703893,-0.022427071383119) (-0.022166438205285,-0.156421123159459)  (0.247821217884767,-0.193649759726296)   (0.287388797440389,0.028269362708655) (-0.111817607745731,-0.000000000000000)
 (-0.302778830596972,0.000000000000000)  (-0.055907625435365,0.095876191820513)  (0.068474049151606,-0.106372825704711)   (0.058041326739605,0.008531476442831)  (0.125249268564214,-0.062919476323044)  (0.060596329469247,-0.162491078565229)  (-0.069537025588366,0.199502713169151)
(-0.055907625435365,-0.095876191820513)  (-0.258487018665825,0.000000000000000) (-0.146568225261669,-0.231711767237428) (-0.066340937118738,-0.179787621929036) (-0.239297220696340,-0.053672265792698) (-0.208592416768661,-0.182279591124966) (-0.017629984129585,-0.076439368871711)
  (0.068474049151606,0.106372825704711)  (-0.146568225261669,0.231711767237428)   (0.030392663639473,0.000000000000000)   (0.124618796904037,0.115262901207154) (-0.201135251817296,-0.063425951890846) (-0.099472017232207,-0.117643497228626)  (-0.058257221668469,0.106170351950996)
 (0.058041326739605,-0.008531476442831)  (-0.066340937118738,0.179787621929036)  (0.124618796904037,-0.115262901207154)   (0.086854758197917,0.000000000000000)   (0.014591057338910,0.072106497359507)  (-0.050759413856253,0.111056105084395)  (0.045136727243112,-0.075183577799918)
  (0.125249268564214,0.062919476323044)  (-0.239297220696340,0.053672265792698)  (-0.201135251817296,0.063425951890846)  (0.014591057338910,-0.072106497359507)  (-0.065300359969730,0.000000000000000)  (0.230675232029373,-0.150038474236415)  (-0.037518994695889,0.099997184130042)
  (0.060596329469247,0.162491078565229)  (-0.208592416768661,0.182279591124966)  (-0.099472017232207,0.117643497228626) (-0.050759413856253,-0.111056105084395)   (0.230675232029373,0.150038474236415)  (-0.049657181422315,0.000000000000000)   (0.155633233266184,0.070863339173822)
(-0.069537025588366,-0.199502713169151)  (-0.017629984129585,0.076439368871711) (-0.058257221668469,-0.106170351950996)   (0.045136727243112,0.075183577799918) (-0.037518994695889,-0.099997184130042)  (0.155633233266184,-0.070863339173822)  (0.558975968817452,-0.000000000000000)
  (0.032764602726887,0.000000000000000)   (0.113607755156570,0.039523319625833)  (0.266282545633567,-0.307729763377521)  (-0.310033268020987,0.136257979640186)  (-0.051637182442653,0.054205941902750)  (0.083301520296480,-0.066311268358526)  (0.012546968987346,-0.012872506910457)
 (0.113607755156570,-0.039523319625833)  (-0.219263849448696,0.000000000000000) (-0.060617445869065,-0.054360536319644) (-0.061786995739327,-0.191401188899449)  (-0.299523447939017,0.103882977474141)  (-0.287790930573242,0.094195612780728)  (-0.372674471214813,0.104877815361438)
  (0.266282545633567,0.307729763377521)  (-0.060617445869065,0.054360536319644)  (-0.136293422745516,0.000000000000000)   (0.081555225489494,0.081046638515276)   (0.101641495152833,0.199191469727418)  (-0.077217754944106,0.215750494797793)  (-0.041666046568316,0.062314265689739)
(-0.310033268020987,-0.136257979640186)  (-0.061786995739327,0.191401188899449)  (0.081555225489494,-0.081046638515276)  (-0.094731605939197,0.000000000000000)  (-0.081187941116585,0.019165032707115) (-0.067691516913286,-0.067971770706542)  (0.130388569223248,-0.089147291257396)
(-0.051637182442653,-0.054205941902750) (-0.299523447939017,-0.103882977474141)  (0.101641495152833,-0.199191469727418) (-0.081187941116585,-0.019165032707115)   (0.008301330224390,0.000000000000000)  (-0.308800223746494,0.208005888476258) (-0.226742155050047,-0.108539496608630)
  (0.083301520296480,0.066311268358526) (-0.287790930573242,-0.094195612780728) (-0.077217754944106,-0.215750494797793)  (-0.067691516913286,0.067971770706542) (-0.308800223746494,-0.208005888476258)  (-0.070041109443259,0.000000000000000)   (0.063779996020084,0.022457914424868)
  (0.012546968987346,0.012872506910457) (-0.372674471214813,-0.104877815361438) (-0.041666046568316,-0.062314265689739)   (0.130388569223248,0.089147291257396)  (-0.226742155050047,0.108539496608630)  (0.063779996020084,-0.022457914424868)  (0.479264054625391,-0.000000000000000)
  (0.118222595389290,0.000000000000000) (-0.264921267458684,-0.082965249490579) (-0.064539556740182,-0.213124589017965)   (0.008898729583129,0.107708738598775) (-0.024377182249125,-0.210024535529190)  (0.076180114363672,-0.018511440286454)  (-0.218127386372832,0.040429095936024)
 (-0.264921267458684,0.082965249490579)   (0.095517950423716,0.000000000000000)   (0.055318193401508,0.034302296979660) (-0.210689619999863,-0.102762139372019)   (0.175114506270151,0.173610034752670)  (-0.002905770638202,0.145676358631033) (-0.140791526650280,-0.102290481644647)
 (-0.064539556740182,0.213124589017965)  (0.055318193401508,-0.034302296979660)   (0.530026930985027,0.000000000000000)  (0.028062900929880,-0.043216170089575)  (0.001912737293052,-0.161213493305012) (-0.107092552055191,-0.196879732700448) (-0.303747965671910,-0.137428246012904)
 (0.008898729583129,-0.107708738598775)  (-0.210689619999863,0.102762139372019)   (0.028062900929880,0.043216170089575)  (-0.086267808615476,0.000000000000000) (-0.125300428729662,-0.131308194396141)  (0.045049233619961,-0.143217448620908) (-0.032287261539809,-0.175764472209784)
 (-0.024377182249125,0.210024535529190)  (0.175114506270151,-0.173610034752670)   (0.001912737293052,0.161213493305012)  (-0.125300428729662,0.131308194396141)   (0.009801375908182,0.000000000000000)  (-0.023516838824094,0.024145929705724)  (-0.017490676275594,0.169315393559799)
  (0.076180114363672,0.018511440286454) (-0.002905770638202,-0.145676358631033)  (-0.107092552055191,0.196879732700448)   (0.045049233619961,0.143217448620908) (-0.023516838824094,-0.024145929705724)   (0.208000501387083,0.000000000000000)  (-0.017639589742313,0.157600283496630)
(-0.218127386372832,-0.040429095936024)  (-0.140791526650280,0.102290481644647)  (-0.303747965671910,0.137428246012904)  (-0.032287261539809,0.175764472209784) (-0.017490676275594,-0.169315393559799) (-0.017639589742313,-0.157600283496630) (-0.875301545477821,-0.000000000000000)
  (0.039928084767488,0.000000000000000) (-0.063798073545543,-0.212492813930505)  (-0.155091691727513,0.115170974579321) (-0.049388721795696,-0.090724230698400) (-0.151529510565862,-0.094601329355443)  (0.120148532889935,-0.366899391444804)  (0.094917057679226,-0.174877415002160)
 (-0.063798073545543,0.212492813930505)   (0.054926488115580,0.000000000000000)  (-0.220259063814890,0.014418049252299)   (0.051684925587499,0.089658211514412)  (0.097734823310802,-0.400949482771571)  (-0.129963214352474,0.345194250673511)  (-0.076254106133337,0.078964343087884)
(-0.155091691727513,-0.115170974579321) (-0.220259063814890,-0.014418049252299)   (0.103344701828555,0.000000000000000)  (-0.106150198684176,0.027174399803453)  (-0.232793205323578,0.360212870248286) (-0.099566040966924,-0.020726968638857)  (-0.006649456637714,0.194359952896580)
 (-0.049388721795696,0.090724230698400)  (0.051684925587499,-0.089658211514412) (-0.106150198684176,-0.027174399803453)   (0.063142715947439,0.000000000000000)  (0.025932040864433,-0.078958927063043)   (0.422194438566405,0.135645117471686) (-0.111260914212552,-0.074874967865640)
 (-0.151529510565862,0.094601329355443)   (0.097734823310802,0.400949482771571) (-0.232793205323578,-0.360212870248286)   (0.025932040864433,0.078958927063043)   (0.160724343662982,0.000000000000000) (-0.007429979802848,-0.255623887513513)   (0.007058812407070,0.206557047943611)
  (0.120148532889935,0.366899391444804) (-0.129963214352474,-0.345194250673511)  (-0.099566040966924,0.020726968638857)  (0.422194438566405,-0.135645117471686)  (-0.007429979802848,0.255623887513513)   (0.101121363883612,0.000000000000000)   (0.155800565865569,0.238821252263016)
  (0.094917057679226,0.174877415002160) (-0.076254106133337,-0.078964343087884) (-0.006649456637714,-0.194359952896580)  (-0.111260914212552,0.074874967865640)  (0.007058812407070,-0.206557047943611)  (0.155800565865569,-0.238821252263016) (-0.523187698205655,-0.000000000000000)
 (-0.169040086914005,0.000000000000000)   (0.041459262626825,0.142465703182753) (-0.074636090711339,-0.060037652456694)  (-0.021427296963385,0.134592068958443)  (0.071903435863163,-0.051481256861684)  (0.106454978748454,-0.018997918972725)   (0.016058920164678,0.084325562310616)
 (0.041459262626825,-0.142465703182753)  (-0.149328764965497,0.000000000000000)   (0.214028015652815,0.054431984539682)  (-0.017344756645665,0.088765406127087) (-0.078280083069429,-0.038309787323095)   (0.044238689274668,0.110230004562541) (-0.006779707923290,-0.211296150777055)
 (-0.074636090711339,0.060037652456694)  (0.214028015652815,-0.054431984539682)   (0.121257921693236,0.000000000000000)   (0.054024535363789,0.066918927125547) (-0.149492590067313,-0.060778903461948) (-0.190897289850506,-0.172362007515649) (-0.054417152935089,-0.055547547341882)
(-0.021427296963385,-0.134592068958443) (-0.017344756645665,-0.088765406127087)  (0.054024535363789,-0.066918927125547)  (-0.102356236696511,0.000000000000000) (-0.119061481733186,-0.014885241384925)  (-0.052459372801624,0.141738737154006)  (-0.048737913561614,0.024522751250415)
  (0.071903435863163,0.051481256861684)  (-0.078280083069429,0.038309787323095)  (-0.149492590067313,0.060778903461948)  (-0.119061481733186,0.014885241384925)  (-0.275657986916875,0.000000000000000)  (-0.057640525429777,0.270431767720273)  (0.170282096089138,-0.228168873336810)
  (0.106454978748454,0.018997918972725)  (0.044238689274668,-0.110230004562541)  (-0.190897289850506,0.172362007515649) (-0.052459372801624,-0.141738737154006) (-0.057640525429777,-0.270431767720273)  (-0.066458214577008,0.000000000000000)  (0.136845277443685,-0.274271858767515)
 (0.016058920164678,-0.084325562310616)  (-0.006779707923290,0.211296150777055)  (-0.054417152935089,0.055547547341882) (-0.048737913561614,-0.024522751250415)   (0.170282096089138,0.228168873336810)   (0.136845277443685,0.274271858767515)  (0.641583368376660,-0.000000000000000)
  (0.013797051472348,0.000000000000000)  (0.306294847344264,-0.033488681424733) (-0.001899569973797,-0.363016190700689)  (-0.068526724132674,0.045542560492117) (-0.095777002706591,-0.026279031264042)  (-0.344605174277694,0.057628011438255)   (0.080105890449734,0.017624778394388)
  (0.306294847344264,0.033488681424733)   (0.187721512374584,0.000000000000000)  (0.080868352514940,-0.054440317991647)  (-0.040593912412671,0.036004761880112)  (0.042858815803563,-0.097833101119562)   (0.014660874673898,0.090860854682761)   (0.001863499635557,0.057069035997744)
 (-0.001899569973797,0.363016190700689)   (0.080868352514940,0.054440317991647)  (-0.027775784150830,0.000000000000000)  (0.053127959607548,-0.041771792743983)  (-0.069337840818602,0.025896291280947)  (-0.244834448095587,0.010865536189737)  (0.062781007444793,-0.013374107956706)
(-0.068526724132674,-0.045542560492117) (-0.040593912412671,-0.036004761880112)   (0.053127959607548,0.041771792743983)  (-0.146453483263080,0.000000000000000)  (0.183529940935085,-0.122196992070699) (-0.030145522238367,-0.231887041162175)  (0.070497734502918,-0.279200273652422)
 (-0.095777002706591,0.026279031264042)   (0.042858815803563,0.097833101119562) (-0.069337840818602,-0.025896291280947)   (0.183529940935085,0.122196992070699)  (-0.298176414643019,0.000000000000000) (-0.176688197370426,-0.078190192142514)  (0.153664906630826,-0.169906360043774)
(-0.344605174277694,-0.057628011438255)  (0.014660874673898,-0.090860854682761) (-0.244834448095587,-0.010865536189737)  (-0.030145522238367,0.231887041162175)  (-0.176688197370426,0.078190192142514)   (0.167666672866426,0.000000000000000)  (-0.149764884885004,0.337253031185622)
 (0.080105890449734,-0.017624778394388)  (0.001863499635557,-0.057069035997744)   (0.062781007444793,0.013374107956706)   (0.070497734502918,0.279200273652422)   (0.153664906630826,0.169906360043774) (-0.149764884885004,-0.337253031185622)  (0.103220445343572,-0.000000000000000)
  (0.058468962492013,0.000000000000000)   (0.016565407644047,0.163570078759958) (-0.269390515013905,-0.134009188689471)  (-0.024300737164924,0.000355333708496)  (-0.057123706890736,0.038351199935654)  (0.118902397198898,-0.024855877649260)   (0.408983438356176,0.003353026927041)
 (0.016565407644047,-0.163570078759958)   (0.148417512413169,0.000000000000000) (-0.135792070006449,-0.072946737281857)   (0.036049504426730,0.154674164983666) (-0.026766326190036,-0.046727567759432)   (0.281422489467448,0.008297407061534)   (0.208788939570276,0.121035267584704)
 (-0.269390515013905,0.134009188689471)  (-0.135792070006449,0.072946737281857)   (0.001835504138258,0.000000000000000)  (0.026523611005516,-0.139864022278927)   (0.153640213925090,0.238244508999154)  (-0.143116152307883,0.095503404555924)  (0.088054264625815,-0.004201912756095)
(-0.024300737164924,-0.000355333708496)  (0.036049504426730,-0.154674164983666)   (0.026523611005516,0.139864022278927)   (0.205281068233942,0.000000000000000)  (0.169112005670551,-0.030327942097694)   (0.000891020338114,0.299177273305164)  (-0.107467592565522,0.074254059848437)
(-0.057123706890736,-0.038351199935654)  (-0.026766326190036,0.046727567759432)  (0.153640213925090,-0.238244508999154)   (0.169112005670551,0.030327942097694)   (0.138894487449287,0.000000000000000)  (-0.260936001558583,0.003689642301998)  (0.152748088049116,-0.068535944733323)
  (0.118902397198898,0.024855877649260)  (0.281422489467448,-0.008297407061534) (-0.143116152307883,-0.095503404555924)  (0.000891020338114,-0.299177273305164) (-0.260936001558583,-0.003689642301998)   (0.058192454496397,0.000000000000000)   (0.001471422337702,0.214936588510956)
 (0.408983438356176,-0.003353026927041)  (0.208788939570276,-0.121035267584704)   (0.088054264625815,0.004201912756095) (-0.107467592565522,-0.074254059848437)   (0.152748088049116,0.068535944733323)  (0.001471422337702,-0.214936588510956) (-0.611089989223067,-0.000000000000000)
 (-0.014856733258727,0.000000000000000) (-0.003022191400672,-0.225691087814856)   (0.103665909800164,0.254738190472105)  (-0.197975874080247,0.246304541479627)   (0.021139924278205,0.005999537153172)  (0.109131623587994,-0.140722367247822) (-0.081683223466535,-0.333094206861353)
 (-0.003022191400672,0.225691087814856)   (0.102024668363057,0.000000000000000)  (0.172942588837772,-0.114639399539643) (-0.158953087004997,-0.046171848020160)   (0.103780137507382,0.033548881802886)   (0.308658795012450,0.044767492983050) (-0.094911510421283,-0.207058578210984)
 (0.103665909800164,-0.254738190472105)   (0.172942588837772,0.114639399539643)  (-0.324363193988339,0.000000000000000) (-0.029053031019586,-0.099096163106382)  (-0.278106205111970,0.036828251576706) (-0.198470153486254,-0.220083332911035)  (0.031416647185953,-0.312622825192779)
(-0.197975874080247,-0.246304541479627)  (-0.158953087004997,0.046171848020160)  (-0.029053031019586,0.099096163106382)   (0.101947208187697,0.000000000000000)  (0.026954108824187,-0.153758904910834) (-0.088281915743418,-0.254817886360418)   (0.074269817248397,0.089725462029820)
 (0.021139924278205,-0.005999537153172)  (0.103780137507382,-0.033548881802886) (-0.278106205111970,-0.036828251576706)   (0.026954108824187,0.153758904910834)  (-0.085894125471412,0.000000000000000)   (0.001585879554608,0.133681672171247)  (-0.061049322367561,0.029707128547413)
  (0.109131623587994,0.140722367247822)  (0.308658795012450,-0.044767492983050)  (-0.198470153486254,0.220083332911035)  (-0.088281915743418,0.254817886360418)  (0.001585879554608,-0.133681672171247)   (0.056045890785374,0.000000000000000)   (0.211078210919644,0.180635407596929)
 (-0.081683223466535,0.333094206861353)  (-0.094911510421283,0.207058578210984)   (0.031416647185953,0.312622825192779)  (0.074269817248397,-0.089725462029820) (-0.061049322367561,-0.029707128547413)  (0.211078210919644,-0.180635407596929)  (0.165096285382351,-0.000000000000000)
