  (0.076025560783465,0.000000000000000)  (0.059842401537299,-0.000926955869431)  (-0.361845815318864,0.147614727687065)  (-0.217520162551673,0.040652542353782)  (-0.021445600966847,0.088645194003533)   (0.005804594228816,0.313983877884383)  (0.155615556576139,-0.119513992340293)
  (0.059842401537299,0.000926955869431)  (-0.153481611026239,0.000000000000000)  (0.256499783050890,-0.114460835821088) (-0.174206979851955,-0.021243170450046)  (0.352665778564445,-0.159765472903038)  (0.151312078990459,-0.096979826109915) (-0.633145554990703,-0.141050111686570)
(-0.361845815318864,-0.147614727687065)   (0.256499783050890,0.114460835821088)   (0.366315057417625,0.000000000000000)  (-0.238793989226987,0.262025857336486)  (0.409657732957471,-0.097062505904373)  (0.494691401609201,-0.185190916125862)  (0.141545826920493,-0.109817488264311)
(-0.217520162551673,-0.040652542353782)  (-0.174206979851955,0.021243170450046) (-0.238793989226987,-0.262025857336486)  (-0.195695074770265,0.000000000000000)  (0.200994310178956,-0.297422306691189)   (0.007912919098715,0.104172423399454)  (0.012131127220185,-0.021427636648720)
(-0.021445600966847,-0.088645194003533)   (0.352665778564445,0.159765472903038)   (0.409657732957471,0.097062505904373)   (0.200994310178956,0.297422306691189)   (0.407618820430070,0.000000000000000) (-0.271738889057539,-0.361002922674949)   (0.073358498984708,0.501986435804990)
 (0.005804594228816,-0.313983877884383)   (0.151312078990459,0.096979826109915)   (0.494691401609201,0.185190916125862)  (0.007912919098715,-0.104172423399454)  (-0.271738889057539,0.361002922674949)   (0.038925065736334,0.000000000000000)  (-0.063394003545938,0.352471001464297)
  (0.155615556576139,0.119513992340293)  (-0.633145554990703,0.141050111686570)   (0.141545826920493,0.109817488264311)   (0.012131127220185,0.021427636648720)  (0.073358498984708,-0.501986435804990) (-0.063394003545938,-0.352471001464297)  (-0.539707818537136,0.000000000000000)
 (-0.173607278531076,0.000000000000000)  (-0.046183631327589,0.133312492449232)  (-0.023770962390904,0.251907433626584)   (0.014085848276246,0.328231884502123)   (0.135055447917442,0.048421449927153)  (-0.137691399252297,0.173197999202895) (-0.026144383541892,-0.196147180303700)
(-0.046183631327589,-0.133312492449232)   (0.344776386373597,0.000000000000000)  (0.156992752259611,-0.147298019379587)  (-0.276240376109857,0.366653604802517) (-0.136493549378452,-0.159852672061046)   (0.036763995639591,0.031727330902144)  (-0.104954968037589,0.231838633346139)
(-0.023770962390904,-0.251907433626584)   (0.156992752259611,0.147298019379587)  (-0.186642122777691,0.000000000000000) (-0.059800527077393,-0.299535477354192)  (-0.292805726896027,0.013822509417443) (-0.062884995510531,-0.145381173276579)  (-0.259655507120961,0.134949917175534)
 (0.014085848276246,-0.328231884502123) (-0.276240376109857,-0.366653604802517)  (-0.059800527077393,0.299535477354192)   (0.063336172532281,0.000000000000000)  (-0.070287006399051,0.048559724173435)  (0.233078634345432,-0.101298600647751)   (0.284223967497637,0.031568084776125)
 (0.135055447917442,-0.048421449927153)  (-0.136493549378452,0.159852672061046) (-0.292805726896027,-0.013822509417443) (-0.070287006399051,-0.048559724173435)  (-0.192508916449146,0.000000000000000)  (-0.345592782554920,0.057318167649151)   (0.392234134431299,0.162819263320489)
(-0.137691399252297,-0.173197999202895)  (0.036763995639591,-0.031727330902144)  (-0.062884995510531,0.145381173276579)   (0.233078634345432,0.101298600647751) (-0.345592782554920,-0.057318167649151)  (-0.064743826838907,0.000000000000000)  (0.295924405830233,-0.071870396712865)
 (-0.026144383541892,0.196147180303700) (-0.104954968037589,-0.231838633346139) (-0.259655507120961,-0.134949917175534)  (0.284223967497637,-0.031568084776125)  (0.392234134431299,-0.162819263320489)   (0.295924405830233,0.071870396712865)   (0.209389585735045,0.000000000000000)
  (0.194662461988547,0.000000000000000)   (0.012139277196805,0.356420966317040)  (-0.085853358539964,0.246553712450784) (-0.055532635464429,-0.061128157204763) (-0.217410734663585,-0.262468725561112)  (-0.261054482659085,0.048021333184917)   (0.257175778717443,0.101806385871894)
 (0.012139277196805,-0.356420966317040)  (-0.017249035265935,0.000000000000000)  (0.152812589486631,-0.455059610141840)  (-0.006798529811011,0.129795367128311)   (0.406512212680198,0.035352242555915)  (-0.011071166338381,0.051663947188753)  (0.075991396933059,-0.109321736422986)
(-0.085853358539964,-0.246553712450784)   (0.152812589486631,0.455059610141840)  (-0.365075047102662,0.000000000000000) (-0.288849191773772,-0.145488534767148)   (0.181579410618066,0.125597747888555) (-0.167612722487065,-0.266527560369169)  (0.081600422217695,-0.175702794480509)
 (-0.055532635464429,0.061128157204763) (-0.006798529811011,-0.129795367128311)  (-0.288849191773772,0.145488534767148)   (0.383489759459340,0.000000000000000)  (0.095944293463745,-0.249550114099447)  (-0.069137867347331,0.276085796396102)  (-0.150614825037166,0.224820853880482)
 (-0.217410734663585,0.262468725561112)  (0.406512212680198,-0.035352242555915)  (0.181579410618066,-0.125597747888555)   (0.095944293463745,0.249550114099447)  (-0.172512623466367,0.000000000000000)  (0.054917519314483,-0.093839615365289)  (0.075946195355262,-0.025045152383641)
(-0.261054482659085,-0.048021333184917) (-0.011071166338381,-0.051663947188753)  (-0.167612722487065,0.266527560369169) (-0.069137867347331,-0.276085796396102)   (0.054917519314483,0.093839615365289)   (0.007000829884132,0.000000000000000)   (0.236071641956169,0.014167111701052)
 (0.257175778717443,-0.101806385871894)   (0.075991396933059,0.109321736422986)   (0.081600422217695,0.175702794480509) (-0.150614825037166,-0.224820853880482)   (0.075946195355262,0.025045152383641)  (0.236071641956169,-0.014167111701052)  (-0.030316345562049,0.000000000000000)
 (-0.158937693543606,0.000000000000000) (-0.227356017795333,-0.354813442633420)  (-0.243164806121385,0.388283162539468)   (0.065811418336621,0.044130696836930)   (0.243734325506284,0.142436416275732)  (0.185226432337115,-0.232075094557648)  (0.157387141710283,-0.447267368923903)
 (-0.227356017795333,0.354813442633420)   (0.223817345235416,0.000000000000000) (-0.208542617118599,-0.139566898856443)  (0.265555734128563,-0.112145333265835)  (-0.210602605995982,0.042818318899900)   (0.170416392354898,0.055158000003520) (-0.164518806976172,-0.074997816676644)
(-0.243164806121385,-0.388283162539468)  (-0.208542617118599,0.139566898856443)   (0.053870971393782,0.000000000000000)   (0.084661660323397,0.048270584964316) (-0.034701658249955,-0.111013116482450)  (0.210255004415104,-0.119393058744951)  (-0.027119815761348,0.031311974344337)
 (0.065811418336621,-0.044130696836930)   (0.265555734128563,0.112145333265835)  (0.084661660323397,-0.048270584964316)  (-0.133915282110231,0.000000000000000)  (0.409839969923320,-0.162850858474678)  (0.103908973703668,-0.258675330307648)  (-0.405081020590821,0.034227265858521)
 (0.243734325506284,-0.142436416275732) (-0.210602605995982,-0.042818318899900)  (-0.034701658249955,0.111013116482450)   (0.409839969923320,0.162850858474678)  (-0.065508767038108,0.000000000000000)   (0.172679465482661,0.184663787288639)   (0.187370077362253,0.178899880677451)
  (0.185226432337115,0.232075094557648)  (0.170416392354898,-0.055158000003520)   (0.210255004415104,0.119393058744951)   (0.103908973703668,0.258675330307648)  (0.172679465482661,-0.184663787288639)   (0.078224198330020,0.000000000000000)  (0.299406008587077,-0.049336793686128)
  (0.157387141710283,0.447267368923903)  (-0.164518806976172,0.074997816676644) (-0.027119815761348,-0.031311974344337) (-0.405081020590821,-0.034227265858521)  (0.187370077362253,-0.178899880677451)   (0.299406008587077,0.049336793686128)   (0.002449227747663,0.000000000000000)
  (0.032858389346744,0.000000000000000)  (-0.359987558416068,0.013129070457374)  (-0.103482513671683,0.110230853067250)   (0.169455249818025,0.248877359863904)  (0.398109234619958,-0.237001946193961) (-0.208183872238630,-0.249336771725479)   (0.023550977921301,0.064892167970336)
(-0.359987558416068,-0.013129070457374)  (-0.267334276737206,0.000000000000000) (-0.078593920761653,-0.148263017306558)  (0.321640018507130,-0.188121823578418)  (0.030085320073516,-0.405948792721960)  (-0.071894490375646,0.101751257110105)   (0.036721017311768,0.155348818036123)
(-0.103482513671683,-0.110230853067250)  (-0.078593920761653,0.148263017306558)  (-0.216518808043514,0.000000000000000)  (-0.058644838615672,0.270176409095657)   (0.093886004637656,0.101306139644247)   (0.072754476004406,0.229003713457781) (-0.256892937197461,-0.095911910976243)
 (0.169455249818025,-0.248877359863904)   (0.321640018507130,0.188121823578418) (-0.058644838615672,-0.270176409095657)   (0.085788667221372,0.000000000000000) (-0.161417602794403,-0.238496107622381) (-0.026154125023531,-0.016578615969942)  (-0.038027977088496,0.067228096440768)
  (0.398109234619958,0.237001946193961)   (0.030085320073516,0.405948792721960)  (0.093886004637656,-0.101306139644247)  (-0.161417602794403,0.238496107622381)   (0.354321876796298,0.000000000000000)  (-0.108069811175139,0.141516441609265)  (0.197592937946384,-0.015458997609869)
 (-0.208183872238630,0.249336771725479) (-0.071894490375646,-0.101751257110105)  (0.072754476004406,-0.229003713457781)  (-0.026154125023531,0.016578615969942) (-0.108069811175139,-0.141516441609265)   (0.062439344114653,0.000000000000000)   (0.226672349687131,0.584576260558253)
 (0.023550977921301,-0.064892167970336)  (0.036721017311768,-0.155348818036123)  (-0.256892937197461,0.095911910976243) (-0.038027977088496,-0.067228096440768)   (0.197592937946384,0.015458997609869)  (0.226672349687131,-0.584576260558253)  (-0.051555192640253,0.000000000000000)
  (0.596415196469118,0.000000000000000)   (0.192154611983750,0.100015545022641)   (0.235593188298140,0.310066409906485)   (0.250422689350206,0.290358954122224)   (0.318738964595353,0.035366465546596)   (0.095042706602018,0.095708896969076)   (0.155090939927622,0.092157546241864)
 (0.192154611983750,-0.100015545022641)   (0.327255602197812,0.000000000000000)   (0.396231214464810,0.075503602067864)  (0.059726663773555,-0.034438093620715)   (0.172859538589678,0.456445011435124) (-0.060598647898527,-0.265570655077195) (-0.304340903529364,-0.015275849527898)
 (0.235593188298140,-0.310066409906485)  (0.396231214464810,-0.075503602067864)   (0.204902182244020,0.000000000000000)  (-0.164263667941830,0.291465117187113)  (-0.210337180805340,0.047180632054394)  (-0.058963004404719,0.135070604473228)  (0.004867288697801,-0.168370297946738)
 (0.250422689350206,-0.290358954122224)   (0.059726663773555,0.034438093620715) (-0.164263667941830,-0.291465117187113)  (-0.087790447989220,0.000000000000000) (-0.063238078571686,-0.219259477496233)   (0.154570691779855,0.234587660858069)  (0.093488367951858,-0.431209613753158)
 (0.318738964595353,-0.035366465546596)  (0.172859538589678,-0.456445011435124) (-0.210337180805340,-0.047180632054394)  (-0.063238078571686,0.219259477496233)  (-0.273537351909203,0.000000000000000)   (0.490805716952361,0.162190252351801)  (0.171600217168152,-0.049691290173475)
 (0.095042706602018,-0.095708896969076)  (-0.060598647898527,0.265570655077195) (-0.058963004404719,-0.135070604473228)  (0.154570691779855,-0.234587660858069)  (0.490805716952361,-0.162190252351801)  (-0.262606512926759,0.000000000000000)   (0.219893166185834,0.419411202200945)
 (0.155090939927622,-0.092157546241864)  (-0.304340903529364,0.015275849527898)   (0.004867288697801,0.168370297946738)   (0.093488367951858,0.431209613753158)   (0.171600217168152,0.049691290173475)  (0.219893166185834,-0.419411202200945)  (-0.504638668035993,0.000000000000000)
  (0.500291160809235,0.000000000000000)  (0.017631099578090,-0.004730425041041) (-0.430682608847079,-0.168804166129807) (-0.165463890417419,-0.175703300761721)  (-0.003746256486670,0.130159788517820)   (0.009268961460063,0.261724797751246) (-0.254978014888244,-0.004525951884705)
  (0.017631099578090,0.004730425041041)  (-0.209960892161669,0.000000000000000) (-0.271626706802484,-0.032514907872172)  (-0.034724727425025,0.054145663420225)  (-0.311238061747735,0.008085236322855)  (-0.269343692026306,0.250857651744164)   (0.462627185411744,0.149370529229607)
 (-0.430682608847079,0.168804166129807)  (-0.271626706802484,0.032514907872172)   (0.131606238176523,0.000000000000000)   (0.281109765680686,0.303376944502229)  (-0.348180149906296,0.277557765572818)  (-0.074731578552159,0.070356391091397) (-0.031408465847119,-0.298863954383220)
 (-0.165463890417419,0.175703300761721) (-0.034724727425025,-0.054145663420225)  (0.281109765680686,-0.303376944502229)   (0.270770576802200,0.000000000000000) (-0.021306110290598,-0.433953110622916) (-0.074776327384527,-0.009798555466376)   (0.159822374448157,0.512257411015192)
(-0.003746256486670,-0.130159788517820) (-0.311238061747735,-0.008085236322855) (-0.348180149906296,-0.277557765572818)  (-0.021306110290598,0.433953110622916)  (-0.045045406510788,0.000000000000000) (-0.359001530534953,-0.194811406230424)  (0.452971441392547,-0.157963406434147)
 (0.009268961460063,-0.261724797751246) (-0.269343692026306,-0.250857651744164) (-0.074731578552159,-0.070356391091397)  (-0.074776327384527,0.009798555466376)  (-0.359001530534953,0.194811406230424)  (-0.593109028302667,0.000000000000000) (-0.043684028618787,-0.104694113199030)
 (-0.254978014888244,0.004525951884705)  (0.462627185411744,-0.149370529229607)  (-0.031408465847119,0.298863954383220)  (0.159822374448157,-0.512257411015192)   (0.452971441392547,0.157963406434147)  (-0.043684028618787,0.104694113199030)  (-0.054552648858084,0.000000000000000)
  (0.328834031147014,0.000000000000000) (-0.283717883159154,-0.154988478821239) (-0.285546916095442,-0.162590101120175)  (-0.535946957293156,0.042631213341284)  (0.229979769045675,-0.291383535695415)  (0.218669341119357,-0.293280615685206) (-0.025102457665109,-0.301822268622214)
 (-0.283717883159154,0.154988478821239)   (0.085849573113177,0.000000000000000)   (0.098835351668929,0.308054356073506)  (-0.032302170865471,0.111255871172903)  (0.052831616177012,-0.121036127758365) (-0.204024239470996,-0.163959845067523)  (-0.147022531502080,0.270482296044312)
 (-0.285546916095442,0.162590101120175)  (0.098835351668929,-0.308054356073506)  (-0.115976825305126,0.000000000000000)  (-0.323880929456125,0.106250847313924)  (-0.126253804971535,0.229582910416540)  (-0.183527748123756,0.025351248100509)  (0.646813399075213,-0.317394049812494)
(-0.535946957293156,-0.042631213341284) (-0.032302170865471,-0.111255871172903) (-0.323880929456125,-0.106250847313924)  (-0.737306655746789,0.000000000000000)   (0.329246890188574,0.283095127893683) (-0.015372219446535,-0.011987197128132)  (-0.323214949952757,0.202714290779444)
  (0.229979769045675,0.291383535695415)   (0.052831616177012,0.121036127758365) (-0.126253804971535,-0.229582910416540)  (0.329246890188574,-0.283095127893683)   (0.245781923262016,0.000000000000000)  (0.119781569515235,-0.233470282545689)  (-0.021792167711758,0.181663775261008)
  (0.218669341119357,0.293280615685206)  (-0.204024239470996,0.163959845067523) (-0.183527748123756,-0.025351248100509)  (-0.015372219446535,0.011987197128132)   (0.119781569515235,0.233470282545689)   (0.235909594600015,0.000000000000000)  (0.009549972390605,-0.341511912920300)
 (-0.025102457665109,0.301822268622214) (-0.147022531502080,-0.270482296044312)   (0.646813399075213,0.317394049812494) (-0.323214949952757,-0.202714290779444) (-0.021792167711758,-0.181663775261008)   (0.009549972390605,0.341511912920300)  (-0.043091641029256,0.000000000000000)
  (0.442227760060019,0.000000000000000)  (-0.416917728165562,0.148394159815927)   (0.031804061744282,0.121225829518313)   (0.115135136982722,0.095469560803214)   (0.028529386907423,0.519641525148648)  (-0.083412966283016,0.063192322825600)   (0.240733756901184,0.072273844959992)
(-0.416917728165562,-0.148394159815927)  (-0.368305278350370,0.000000000000000)   (0.321356812396115,0.225146050502394)  (-0.190195700195324,0.394295530231188)  (0.495969748992834,-0.178080305576088) (-0.190352332479056,-0.322950824440778)   (0.022210723516972,0.099674721127916)
 (0.031804061744282,-0.121225829518313)  (0.321356812396115,-0.225146050502394)   (0.066547497753636,0.000000000000000)   (0.178610714639359,0.267151277273069)  (0.001415803104528,-0.035015221952481)  (-0.219329379331746,0.058928104975053)  (-0.007210327510008,0.121493996274310)
 (0.115135136982722,-0.095469560803214) (-0.190195700195324,-0.394295530231188)  (0.178610714639359,-0.267151277273069)  (-0.136066124321404,0.000000000000000)  (-0.376498791182273,0.064138654852665)  (-0.150723242369277,0.387235992569270)  (0.092877694308359,-0.010277172844612)
 (0.028529386907423,-0.519641525148648)   (0.495969748992834,0.178080305576088)   (0.001415803104528,0.035015221952481) (-0.376498791182273,-0.064138654852665)  (-0.202445434643392,0.000000000000000)   (0.040154822008552,0.151749897891652)  (-0.195842093288616,0.232549236871050)
(-0.083412966283016,-0.063192322825600)  (-0.190352332479056,0.322950824440778) (-0.219329379331746,-0.058928104975053) (-0.150723242369277,-0.387235992569270)  (0.040154822008552,-0.151749897891652)   (0.068838649114741,0.000000000000000) (-0.243444063506213,-0.300387427951104)
 (0.240733756901184,-0.072273844959992)  (0.022210723516972,-0.099674721127916) (-0.007210327510008,-0.121493996274310)   (0.092877694308359,0.010277172844612) (-0.195842093288616,-0.232549236871050)  (-0.243444063506213,0.300387427951104)   (0.129202930215792,0.000000000000000)
