  (0.051580715443134,0.000000000000000)   (0.346156404777640,0.043517811436995)  (0.026112046392797,-0.017364170513218) (-0.066302145230724,-0.038729141877668) (-0.091639640657384,-0.217369912736584)   (0.169596449861020,0.017259660505326)  (0.228718506938655,-0.028777168633949)
 (0.346156404777640,-0.043517811436995)  (-0.008735610769758,0.000000000000000) (-0.022351998104283,-0.038878413500595)   (0.058817012994737,0.325051825914347)  (0.025872668562518,-0.103260932221264) (-0.001115512164560,-0.113737749613732) (-0.064477452939552,-0.016989152159849)
  (0.026112046392797,0.017364170513218)  (-0.022351998104283,0.038878413500595)   (0.053374510272975,0.000000000000000)  (0.035614363370398,-0.081468023599379)  (0.094465271607818,-0.038702428753490)  (0.067569134455984,-0.033072029422773)   (0.038734894071665,0.132031381921501)
 (-0.066302145230724,0.038729141877668)  (0.058817012994737,-0.325051825914347)   (0.035614363370398,0.081468023599379)  (-0.182138568970263,0.000000000000000)  (-0.018371125925533,0.068262145625787)  (-0.106894158823928,0.009960075248621)  (-0.111395830550236,0.112850498855210)
 (-0.091639640657384,0.217369912736584)   (0.025872668562518,0.103260932221264)   (0.094465271607818,0.038702428753490) (-0.018371125925533,-0.068262145625787)   (0.012494039003311,0.000000000000000)   (0.086985007008737,0.044130982464142) (-0.005486781648982,-0.170634673662869)
 (0.169596449861020,-0.017259660505326)  (-0.001115512164560,0.113737749613732)   (0.067569134455984,0.033072029422773) (-0.106894158823928,-0.009960075248621)  (0.086985007008737,-0.044130982464142)   (0.152713979609697,0.000000000000000)  (-0.059769530682930,0.127201615404830)
  (0.228718506938655,0.028777168633949)  (-0.064477452939552,0.016989152159849)  (0.038734894071665,-0.132031381921501) (-0.111395830550236,-0.112850498855210)  (-0.005486781648982,0.170634673662869) (-0.059769530682930,-0.127201615404830)  (-0.079289064570334,0.000000000000000)
  (0.060467580378631,0.000000000000000)  (0.013944910933740,-0.074894557208449)   (0.222056397560995,0.120519582998276) (-0.009808478546945,-0.221844307544835)  (-0.037110952074627,0.123953414023393) (-0.033711581156325,-0.224518386028261) (-0.019731441888053,-0.022408861626842)
  (0.013944910933740,0.074894557208449)  (-0.125457661626831,0.000000000000000)  (0.085653319868693,-0.022008219439078)   (0.007971024574451,0.142841660564523)  (-0.150549745554339,0.045713918255464)  (0.172607238553596,-0.028849410919294)   (0.113847351602099,0.036135481220872)
 (0.222056397560995,-0.120519582998276)   (0.085653319868693,0.022008219439078)   (0.058494807731985,0.000000000000000)  (-0.097710659972140,0.200835119210799)  (-0.050176626619866,0.081954306291417) (-0.007369369489135,-0.153311627207545) (-0.182060339611132,-0.094643392030528)
 (-0.009808478546945,0.221844307544835)  (0.007971024574451,-0.142841660564523) (-0.097710659972140,-0.200835119210799)  (-0.252384102469466,0.000000000000000) (-0.117860077901215,-0.056357143686194)  (0.169395115694896,-0.029194944806904)   (0.018244757949949,0.095923495743437)
(-0.037110952074627,-0.123953414023393) (-0.150549745554339,-0.045713918255464) (-0.050176626619866,-0.081954306291417)  (-0.117860077901215,0.056357143686194)   (0.028783381572363,0.000000000000000) (-0.057357496300504,-0.096642087271490)  (0.181114005055494,-0.141972071055930)
 (-0.033711581156325,0.224518386028261)   (0.172607238553596,0.028849410919294)  (-0.007369369489135,0.153311627207545)   (0.169395115694896,0.029194944806904)  (-0.057357496300504,0.096642087271490)   (0.175592274978612,0.000000000000000)  (-0.048260359867910,0.042561565769073)
 (-0.019731441888053,0.022408861626842)  (0.113847351602099,-0.036135481220872)  (-0.182060339611132,0.094643392030528)  (0.018244757949949,-0.095923495743437)   (0.181114005055494,0.141972071055930) (-0.048260359867910,-0.042561565769073)   (0.054503719459147,0.000000000000000)
  (0.156682900347260,0.000000000000000)   (0.043844845727609,0.050040154813209) (-0.046563580132727,-0.252044043234344)   (0.198417026733647,0.037140664965552)   (0.057940965162839,0.167757953105469)  (-0.109628642535286,0.064719834448711)  (0.011182791098238,-0.058761950965496)
 (0.043844845727609,-0.050040154813209)  (-0.086492149139611,0.000000000000000)  (0.145880585773660,-0.217907142842406)  (0.009377507446725,-0.130164464009801)  (-0.187190784354011,0.043210955775701)  (-0.006822998788939,0.033003050690115) (-0.057065538546444,-0.143663477084200)
 (-0.046563580132727,0.252044043234344)   (0.145880585773660,0.217907142842406)  (-0.113255375096688,0.000000000000000)  (0.015191504602346,-0.062829526273254)   (0.039897023993044,0.134901897123484)  (0.202455383452097,-0.070355227925996)  (0.169762823975754,-0.126241436488271)
 (0.198417026733647,-0.037140664965552)   (0.009377507446725,0.130164464009801)   (0.015191504602346,0.062829526273254)  (-0.011944091334755,0.000000000000000)  (-0.005480170057579,0.099844789654984)   (0.281866393941515,0.022018542583580)  (0.047169181059133,-0.099523748471497)
 (0.057940965162839,-0.167757953105469) (-0.187190784354011,-0.043210955775701)  (0.039897023993044,-0.134901897123484) (-0.005480170057579,-0.099844789654984)  (-0.139481836357398,0.000000000000000) (-0.060795943137701,-0.146678281383812) (-0.231797649044087,-0.017736977879565)
(-0.109628642535286,-0.064719834448711) (-0.006822998788939,-0.033003050690115)   (0.202455383452097,0.070355227925996)  (0.281866393941515,-0.022018542583580)  (-0.060795943137701,0.146678281383812)   (0.009264832284700,0.000000000000000)  (-0.011606351790261,0.129453999440513)
  (0.011182791098238,0.058761950965496)  (-0.057065538546444,0.143663477084200)   (0.169762823975754,0.126241436488271)   (0.047169181059133,0.099523748471497)  (-0.231797649044087,0.017736977879565) (-0.011606351790261,-0.129453999440513)   (0.185225719263163,0.000000000000000)
  (0.102921931187300,0.000000000000000)   (0.097357856385684,0.092518535690622) (-0.197918191720707,-0.016443392135067)  (0.010973002007197,-0.031027797328630)  (0.093094300037050,-0.133511277525223)  (-0.239340629874047,0.058083946003714)  (-0.131008603513297,0.063740571221805)
 (0.097357856385684,-0.092518535690622)   (0.397962418455375,0.000000000000000)  (-0.012452731305774,0.151074780056525)   (0.068439211200758,0.048370771432174) (-0.117595248514528,-0.062641944554302)  (-0.123352512575143,0.124295462020724)  (-0.112911615079319,0.047126041063060)
 (-0.197918191720707,0.016443392135067) (-0.012452731305774,-0.151074780056525)  (-0.194706290081057,0.000000000000000)   (0.152714700436474,0.152578805884526)  (0.095725420625497,-0.022206913944034)   (0.007707900668583,0.223288166704453)   (0.032343313689191,0.045605569868033)
  (0.010973002007197,0.031027797328630)  (0.068439211200758,-0.048370771432174)  (0.152714700436474,-0.152578805884526)   (0.066469572568785,0.000000000000000)  (-0.105263851233000,0.112964289665062) (-0.076468295700463,-0.104938947971037)  (-0.214473299250553,0.068622959928495)
  (0.093094300037050,0.133511277525223)  (-0.117595248514528,0.062641944554302)   (0.095725420625497,0.022206913944034) (-0.105263851233000,-0.112964289665062)  (-0.172666887121884,0.000000000000000)  (-0.009600238530432,0.104407966210640)   (0.075609367578648,0.147407861675617)
(-0.239340629874047,-0.058083946003714) (-0.123352512575143,-0.124295462020724)  (0.007707900668583,-0.223288166704453)  (-0.076468295700463,0.104938947971037) (-0.009600238530432,-0.104407966210640)  (-0.197030217720267,0.000000000000000)  (-0.025987071301380,0.064658026583293)
(-0.131008603513297,-0.063740571221805) (-0.112911615079319,-0.047126041063060)  (0.032343313689191,-0.045605569868033) (-0.214473299250553,-0.068622959928495)  (0.075609367578648,-0.147407861675617) (-0.025987071301380,-0.064658026583293)  (-0.002950527250243,0.000000000000000)
  (0.206430785106381,0.000000000000000)  (0.197566482585553,-0.028214320619181)  (0.143305986589492,-0.078208301476922)  (-0.068351153468078,0.069202220936693)   (0.041652618723552,0.074057814850764)   (0.134092186896404,0.017718125728175)  (0.033051867679419,-0.069281188130759)
  (0.197566482585553,0.028214320619181)   (0.027662666616299,0.000000000000000) (-0.103983013154890,-0.009625701398157)   (0.041594436156914,0.003381814150358)  (-0.268091537368687,0.096928275189562)  (-0.130274533073760,0.213266599040617) (-0.050759003246622,-0.090842005059457)
  (0.143305986589492,0.078208301476922)  (-0.103983013154890,0.009625701398157)  (-0.162874059124368,0.000000000000000)  (-0.074102830403961,0.137046463037691) (-0.052083551124819,-0.108771911237155) (-0.045172604691376,-0.050295170019061)   (0.085034218573654,0.053810475192713)
(-0.068351153468078,-0.069202220936693)  (0.041594436156914,-0.003381814150358) (-0.074102830403961,-0.137046463037691)  (-0.067926934381470,0.000000000000000)  (0.127221644128607,-0.095114380234600)  (0.005754046337243,-0.012769389053802) (-0.044143669894816,-0.018277101461541)
 (0.041652618723552,-0.074057814850764) (-0.268091537368687,-0.096928275189562)  (-0.052083551124819,0.108771911237155)   (0.127221644128607,0.095114380234600)  (-0.489146447411702,0.000000000000000) (-0.079496467472650,-0.073832250988105)   (0.021572752107877,0.062192665480711)
 (0.134092186896404,-0.017718125728175) (-0.130274533073760,-0.213266599040617)  (-0.045172604691376,0.050295170019061)   (0.005754046337243,0.012769389053802)  (-0.079496467472650,0.073832250988105)   (0.226217280000572,0.000000000000000)   (0.097291131887528,0.001820209374298)
  (0.033051867679419,0.069281188130759)  (-0.050759003246622,0.090842005059457)  (0.085034218573654,-0.053810475192713)  (-0.044143669894816,0.018277101461541)  (0.021572752107877,-0.062192665480711)  (0.097291131887528,-0.001820209374298)   (0.259636709244390,0.000000000000000)
  (0.004186302240553,0.000000000000000)  (-0.012793369927705,0.093138293966545)  (-0.182952658447189,0.041781271421342)  (0.090761767574432,-0.033168664893625)  (-0.098578942851986,0.067480851003507) (-0.047938990424136,-0.038453578160089) (-0.104263822458755,-0.122973241634451)
(-0.012793369927705,-0.093138293966545)  (-0.020076838399996,0.000000000000000)   (0.084964079698872,0.100354622235288)  (0.129822893560939,-0.031365721715223) (-0.074242543502416,-0.060487529339844)  (-0.088036962631386,0.122877227793030)  (-0.102605414705902,0.114746992510389)
(-0.182952658447189,-0.041781271421342)  (0.084964079698872,-0.100354622235288)   (0.029448276288206,0.000000000000000) (-0.023429500302976,-0.115934535916872)   (0.040626531608987,0.162488825812372)  (-0.137047708468986,0.128402269933102) (-0.120693641461282,-0.187333221369106)
  (0.090761767574432,0.033168664893625)   (0.129822893560939,0.031365721715223)  (-0.023429500302976,0.115934535916872)  (-0.068989012464400,0.000000000000000)   (0.131537149876132,0.027544114609547)  (-0.012320385425534,0.048732230499091)  (-0.094760073286063,0.045581964115172)
(-0.098578942851986,-0.067480851003507)  (-0.074242543502416,0.060487529339844)  (0.040626531608987,-0.162488825812372)  (0.131537149876132,-0.027544114609547)  (-0.187982269603196,0.000000000000000) (-0.065558139851502,-0.219070920991278)  (0.025976073642930,-0.036519461364954)
 (-0.047938990424136,0.038453578160089) (-0.088036962631386,-0.122877227793030) (-0.137047708468986,-0.128402269933102) (-0.012320385425534,-0.048732230499091)  (-0.065558139851502,0.219070920991278)   (0.134740339788446,0.000000000000000)  (-0.097427013992175,0.043432625974471)
 (-0.104263822458755,0.122973241634451) (-0.102605414705902,-0.114746992510389)  (-0.120693641461282,0.187333221369106) (-0.094760073286063,-0.045581964115172)   (0.025976073642930,0.036519461364954) (-0.097427013992175,-0.043432625974471)   (0.108673202208886,0.000000000000000)
 (-0.175289646177362,0.000000000000000)  (0.070116232026766,-0.129960696840888)  (-0.170221957098143,0.245981053576868)  (0.013010102857600,-0.122290033830503)   (0.098512703830556,0.015339595143451) (-0.142369588120801,-0.015347355783374) (-0.051005000630565,-0.159860397423001)
  (0.070116232026766,0.129960696840888)  (-0.014496838974433,0.000000000000000)  (0.207649531244007,-0.082594282812270)   (0.337439621376678,0.239566205524966)  (-0.057261585560524,0.134878910213534)   (0.039499153314643,0.212712752470432)   (0.121049759306606,0.192409073803640)
(-0.170221957098143,-0.245981053576868)   (0.207649531244007,0.082594282812270)   (0.277019665439200,0.000000000000000)  (-0.077125861688364,0.323324016628531)  (-0.160565938683435,0.099617265256163)   (0.066843915929776,0.054771504783716) (-0.206266061990628,-0.074824300778662)
  (0.013010102857600,0.122290033830503)  (0.337439621376678,-0.239566205524966) (-0.077125861688364,-0.323324016628531)   (0.053558927977368,0.000000000000000)  (-0.197800587091150,0.052707759767122)  (0.110397002909709,-0.070261084497199)   (0.107929947282131,0.089781223399840)
 (0.098512703830556,-0.015339595143451) (-0.057261585560524,-0.134878910213534) (-0.160565938683435,-0.099617265256163) (-0.197800587091150,-0.052707759767122)  (-0.193982689659441,0.000000000000000)   (0.186241749445757,0.044270029781009)  (0.115555890813647,-0.110551153452232)
 (-0.142369588120801,0.015347355783374)  (0.039499153314643,-0.212712752470432)  (0.066843915929776,-0.054771504783716)   (0.110397002909709,0.070261084497199)  (0.186241749445757,-0.044270029781009)  (-0.059465230698065,0.000000000000000) (-0.090374206142878,-0.118505832717666)
 (-0.051005000630565,0.159860397423001)  (0.121049759306606,-0.192409073803640)  (-0.206266061990628,0.074824300778662)  (0.107929947282131,-0.089781223399840)   (0.115555890813647,0.110551153452232)  (-0.090374206142878,0.118505832717666)   (0.112655812076568,0.000000000000000)
 (-0.103315189793355,0.000000000000000) (-0.092665758309783,-0.001829743636927)  (0.138427767617797,-0.037197838582615)   (0.026891000594631,0.117674107917388)   (0.012742968091074,0.184700074934603)  (-0.052146623782600,0.162198598418704) (-0.013316648929781,-0.067084930102989)
 (-0.092665758309783,0.001829743636927)  (-0.092933596491591,0.000000000000000)  (-0.029124874041003,0.142899272497661) (-0.182172417655571,-0.102682658715102)   (0.074631639811113,0.135781076606006)  (0.202842252259826,-0.022133291697436) (-0.099074611260313,-0.037790246830887)
  (0.138427767617797,0.037197838582615) (-0.029124874041003,-0.142899272497661)  (-0.107959672815773,0.000000000000000)  (-0.093297027976739,0.186431215045302)  (0.074159326740404,-0.026425051171268)  (-0.068409257460541,0.020533687205183)  (-0.133332099759621,0.006012020568362)
 (0.026891000594631,-0.117674107917388)  (-0.182172417655571,0.102682658715102) (-0.093297027976739,-0.186431215045302)   (0.015992428631146,0.000000000000000)  (0.124785841701963,-0.139577836655740) (-0.093134072293645,-0.041391288864650) (-0.107449135295673,-0.253573854981472)
 (0.012742968091074,-0.184700074934603)  (0.074631639811113,-0.135781076606006)   (0.074159326740404,0.026425051171268)   (0.124785841701963,0.139577836655740)   (0.490963690018898,0.000000000000000)  (-0.083996457442626,0.229769407513092)  (0.090612471395630,-0.358590234000834)
(-0.052146623782600,-0.162198598418704)   (0.202842252259826,0.022133291697436) (-0.068409257460541,-0.020533687205183)  (-0.093134072293645,0.041391288864650) (-0.083996457442626,-0.229769407513092)  (-0.061612444033764,0.000000000000000)  (0.080117443900918,-0.109132419968148)
 (-0.013316648929781,0.067084930102989)  (-0.099074611260313,0.037790246830887) (-0.133332099759621,-0.006012020568362)  (-0.107449135295673,0.253573854981472)   (0.090612471395630,0.358590234000834)   (0.080117443900918,0.109132419968148)  (-0.141135215497510,0.000000000000000)
  (0.083653561781426,0.000000000000000) (-0.080859167885846,-0.028424879646118)  (0.270418250267452,-0.185622782949422) (-0.028745948497167,-0.124564338783076)  (0.018995137842741,-0.144868591676491)   (0.072101088334807,0.135397769128589) (-0.064572964244548,-0.021489957871837)
 (-0.080859167885846,0.028424879646118)   (0.103576936321803,0.000000000000000)  (-0.090913012799802,0.155905104840921) (-0.084924597641279,-0.157772800493505)  (-0.108218797310572,0.165228675365778) (-0.056331398305024,-0.205682353439321) (-0.000501991939577,-0.071456910720691)
  (0.270418250267452,0.185622782949422) (-0.090913012799802,-0.155905104840921)   (0.029945691896995,0.000000000000000)  (0.000944695535241,-0.128259548848027)  (-0.069108107536860,0.004407589134069)  (0.174531504252192,-0.095106009975653)   (0.099448741519816,0.142835899073092)
 (-0.028745948497167,0.124564338783076)  (-0.084924597641279,0.157772800493505)   (0.000944695535241,0.128259548848027)   (0.074291096971732,0.000000000000000)  (-0.019274803089328,0.025133638242958) (-0.231963450101701,-0.079425371363165)   (0.038817013837399,0.061286340873345)
  (0.018995137842741,0.144868591676491) (-0.108218797310572,-0.165228675365778) (-0.069108107536860,-0.004407589134069) (-0.019274803089328,-0.025133638242958)  (-0.172636868676420,0.000000000000000) (-0.139083201073564,-0.109082262573305)  (-0.013470152825494,0.122146262790635)
 (0.072101088334807,-0.135397769128589)  (-0.056331398305024,0.205682353439321)   (0.174531504252192,0.095106009975653)  (-0.231963450101701,0.079425371363165)  (-0.139083201073564,0.109082262573305)  (-0.155698952850481,0.000000000000000)   (0.250033766741627,0.019328585445320)
 (-0.064572964244548,0.021489957871837)  (-0.000501991939577,0.071456910720691)  (0.099448741519816,-0.142835899073092)  (0.038817013837399,-0.061286340873345) (-0.013470152825494,-0.122146262790635)  (0.250033766741627,-0.019328585445320)   (0.036868534475104,0.000000000000000)
