 (-0.190818386577549,0.000000000000000)  (-0.770305072179917,0.031638220767944) (-0.022542947609318,-0.042992514774749)   (0.031175099226755,0.038586505472613)   (0.040484028258021,0.611054976470395) (-0.588691553030925,-0.026614817897937)  (-0.445963176567040,0.025140093347660)
(-0.770305072179917,-0.031638220767944)   (0.011680920329028,0.000000000000000) (-0.093418798749853,-0.091639253865130)  (0.028341706775069,-0.833484162631847)  (-0.108945314998467,0.296050495856645)   (0.055927000065731,0.380254853117584)   (0.204967025870931,0.126843480276207)
 (-0.022542947609318,0.042992514774749)  (-0.093418798749853,0.091639253865130)  (-0.086751948245938,0.000000000000000)   (0.032430762936544,0.141083687035831)  (-0.366593630011804,0.013515699150101)  (-0.192281806762731,0.182569124882956) (-0.108186203543315,-0.298390032579466)
 (0.031175099226755,-0.038586505472613)   (0.028341706775069,0.833484162631847)  (0.032430762936544,-0.141083687035831)   (0.427439243602221,0.000000000000000) (-0.043985350689823,-0.039947754310729)  (0.252101461006029,-0.098227400974883)  (0.257999444805495,-0.225928285676390)
 (0.040484028258021,-0.611054976470395) (-0.108945314998467,-0.296050495856645) (-0.366593630011804,-0.013515699150101)  (-0.043985350689823,0.039947754310729)   (0.218724766703002,0.000000000000000) (-0.306928983893167,-0.254189029993063)   (0.006808787530547,0.727299843232204)
 (-0.588691553030925,0.026614817897937)  (0.055927000065731,-0.380254853117584) (-0.192281806762731,-0.182569124882956)   (0.252101461006029,0.098227400974883)  (-0.306928983893167,0.254189029993063)  (-0.269523844523453,0.000000000000000)  (0.145723165585058,-0.351437997259567)
(-0.445963176567040,-0.025140093347660)  (0.204967025870931,-0.126843480276207)  (-0.108186203543315,0.298390032579466)   (0.257999444805495,0.225928285676390)  (0.006808787530547,-0.727299843232204)   (0.145723165585058,0.351437997259567)  (-0.110750751183642,0.000000000000000)
 (-0.408402898074849,0.000000000000000)  (-0.191268082963746,0.082900546894921) (-0.933350078347425,-0.365612622418800)  (-0.108650498625197,0.529024004809520)  (0.301948413681121,-0.477199741021995)   (0.250136743594128,0.447515646945985)  (-0.041061100525891,0.080414855493249)
(-0.191268082963746,-0.082900546894921)   (0.180356333640010,0.000000000000000) (-0.301732273121977,-0.165036458398887)  (0.218753498609099,-0.274691945779017)  (0.855742309531742,-0.133573176264943)  (-0.415384094960741,0.254948232060608) (-0.355135340632211,-0.108377620833026)
 (-0.933350078347425,0.365612622418800)  (-0.301732273121977,0.165036458398887)   (0.075009542638610,0.000000000000000)  (0.419876908442668,-0.367967516853254)  (0.024352938273101,-0.175748663240475)   (0.088789491255294,0.377476853617564)   (0.338453893505319,0.328638453183733)
(-0.108650498625197,-0.529024004809520)   (0.218753498609099,0.274691945779017)   (0.419876908442668,0.367967516853254)   (0.803058640230185,0.000000000000000)   (0.537233626689327,0.163952870227126)  (-0.459141300588575,0.216854491677324)  (0.018205365149143,-0.250977412083031)
  (0.301948413681121,0.477199741021995)   (0.855742309531742,0.133573176264943)   (0.024352938273101,0.175748663240475)  (0.537233626689327,-0.163952870227126)  (-0.115244038744010,0.000000000000000)   (0.145860753720960,0.508531475608258)  (-0.679794408803040,0.640514403700386)
 (0.250136743594128,-0.447515646945985) (-0.415384094960741,-0.254948232060608)  (0.088789491255294,-0.377476853617564) (-0.459141300588575,-0.216854491677324)  (0.145860753720960,-0.508531475608258)  (-0.341099999346309,0.000000000000000)  (0.014232387737868,-0.010441094760430)
(-0.041061100525891,-0.080414855493249)  (-0.355135340632211,0.108377620833026)  (0.338453893505319,-0.328638453183733)   (0.018205365149143,0.250977412083031) (-0.679794408803040,-0.640514403700386)   (0.014232387737868,0.010441094760430)  (-0.193677580327906,0.000000000000000)
 (-0.322585867645122,0.000000000000000) (-0.075034183680343,-0.295124650424268)   (0.039050904017720,0.803641343794430) (-0.684199691574416,-0.104805178717235) (-0.146655657334355,-0.547628766302728)  (0.348137505437131,-0.192851721727435)  (-0.223079609728442,0.078988091257029)
 (-0.075034183680343,0.295124650424268)   (0.312161659730734,0.000000000000000)  (-0.432164840602412,0.682086856037221)  (-0.040087748036587,0.272004800581987)  (0.529751202977810,-0.232508819630859) (-0.078189141136790,-0.025132821166627)   (0.206587211378708,0.247768245277378)
 (0.039050904017720,-0.803641343794430) (-0.432164840602412,-0.682086856037221)   (0.283065422798079,0.000000000000000)   (0.003345128335019,0.292098507632339)  (0.091687526814365,-0.326733726101403)  (-0.552790691010268,0.089819465549600)  (-0.194989415857509,0.322653991767881)
 (-0.684199691574416,0.104805178717235) (-0.040087748036587,-0.272004800581987)  (0.003345128335019,-0.292098507632339)   (0.219603718309181,0.000000000000000)  (0.217419299204644,-0.214053407787808)  (-0.796248435089392,0.181442026384378)  (-0.259537212223413,0.210311113800805)
 (-0.146655657334355,0.547628766302728)   (0.529751202977810,0.232508819630859)   (0.091687526814365,0.326733726101403)   (0.217419299204644,0.214053407787808)   (0.150854916989833,0.000000000000000)   (0.137441446731222,0.540800093314733)   (0.897962842958684,0.368257240664059)
  (0.348137505437131,0.192851721727435)  (-0.078189141136790,0.025132821166627) (-0.552790691010268,-0.089819465549600) (-0.796248435089392,-0.181442026384378)  (0.137441446731222,-0.540800093314733)  (-0.022090047200735,0.000000000000000) (-0.018773871481495,-0.231948152250330)
(-0.223079609728442,-0.078988091257029)  (0.206587211378708,-0.247768245277378) (-0.194989415857509,-0.322653991767881) (-0.259537212223413,-0.210311113800805)  (0.897962842958684,-0.368257240664059)  (-0.018773871481495,0.231948152250330)  (-0.621009803031433,0.000000000000000)
 (-0.230747641158572,0.000000000000000) (-0.011213125947957,-0.048167871377549)  (0.591886448035379,-0.123028956639468)   (0.191193036042353,0.124124502267612)  (-0.307270362161375,0.442533219492309)  (0.442338821351829,-0.070105778507205)  (0.203490851827100,-0.087926280225027)
 (-0.011213125947957,0.048167871377549)  (-1.183826226666395,0.000000000000000) (-0.044247149983500,-0.498396513200437) (-0.162644032167994,-0.091647705138956)   (0.240211342371758,0.157904230465191)  (0.360615095514932,-0.324252768309947)  (0.096143702513884,-0.023765645148024)
  (0.591886448035379,0.123028956639468)  (-0.044247149983500,0.498396513200437)   (0.649006619150980,0.000000000000000) (-0.613414863697122,-0.340076844910801) (-0.471849880893150,-0.027892276025209)  (0.006782127004990,-0.522389270929473)  (0.161795293942276,-0.220806425308385)
 (0.191193036042353,-0.124124502267612)  (-0.162644032167994,0.091647705138956)  (-0.613414863697122,0.340076844910801)  (-0.233433025020320,0.000000000000000)  (0.272200887809176,-0.368167735222988)   (0.060312641707792,0.275924079438214)  (0.587416706661062,-0.209838492215973)
(-0.307270362161375,-0.442533219492309)  (0.240211342371758,-0.157904230465191)  (-0.471849880893150,0.027892276025209)   (0.272200887809176,0.368167735222988)   (0.398164397992274,0.000000000000000)  (0.068360435422836,-0.457378402195494) (-0.360271355153116,-0.548947628504925)
  (0.442338821351829,0.070105778507205)   (0.360615095514932,0.324252768309947)   (0.006782127004990,0.522389270929473)  (0.060312641707792,-0.275924079438214)   (0.068360435422836,0.457378402195494)   (0.653415075235068,0.000000000000000)  (0.090376470030937,-0.147102610302346)
  (0.203490851827100,0.087926280225027)   (0.096143702513884,0.023765645148024)   (0.161795293942276,0.220806425308385)   (0.587416706661062,0.209838492215973)  (-0.360271355153116,0.548947628504925)   (0.090376470030937,0.147102610302346)  (-0.052579199640342,0.000000000000000)
 (-0.702608977028315,0.000000000000000)  (-0.472628303694475,0.144397118230459)  (-0.396867360829512,0.169228772417165)  (0.324667641719555,-0.398057508286892)  (0.019683154363775,-0.281599430203998)  (-0.379177921851038,0.272436154416413)  (-0.368556712596894,0.296672769573864)
(-0.472628303694475,-0.144397118230459)   (0.043394687736837,0.000000000000000)   (0.377354442809903,0.087065483804221)  (0.064548949924364,-0.062797170404276)  (0.633434851201533,-0.238174432740208)  (0.289747358210889,-0.597957359681413)   (0.152269121877328,0.191624923689135)
(-0.396867360829512,-0.169228772417165)  (0.377354442809903,-0.087065483804221)   (0.714109534800655,0.000000000000000)  (0.280234053376983,-0.535625290812223)   (0.140801245588635,0.342127072380723)   (0.032863087968919,0.114074116906921)  (-0.069783580841199,0.021945285439330)
  (0.324667641719555,0.398057508286892)   (0.064548949924364,0.062797170404276)   (0.280234053376983,0.535625290812223)   (0.201985986302497,0.000000000000000)  (-0.292735786321049,0.501446713636836)   (0.100426149126500,0.103530197528756)  (0.246309254023303,-0.005335684455213)
  (0.019683154363775,0.281599430203998)   (0.633434851201533,0.238174432740208)  (0.140801245588635,-0.342127072380723) (-0.292735786321049,-0.501446713636836)   (1.484596611770912,0.000000000000000)   (0.173146792185536,0.122362686346060) (-0.068804782742670,-0.069353891264608)
(-0.379177921851038,-0.272436154416413)   (0.289747358210889,0.597957359681413)  (0.032863087968919,-0.114074116906921)  (0.100426149126500,-0.103530197528756)  (0.173146792185536,-0.122362686346060)  (-0.818898048476252,0.000000000000000)  (-0.404456964153702,0.176661592583199)
(-0.368556712596894,-0.296672769573864)  (0.152269121877328,-0.191624923689135) (-0.069783580841199,-0.021945285439330)   (0.246309254023303,0.005335684455213)  (-0.068804782742670,0.069353891264608) (-0.404456964153702,-0.176661592583199)  (-0.922579795180724,0.000000000000000)
 (-0.119383672084663,0.000000000000000)  (0.228142666557637,-0.246727952657026)  (0.478951257909221,-0.053373649809698)  (-0.216488909224265,0.188680761061681)  (0.310868370728932,-0.217502779149488)  (-0.028635791221378,0.222731152779617)  (-0.003266064930754,0.370161181008106)
  (0.228142666557637,0.246727952657026)   (0.083800532510609,0.000000000000000) (-0.349896486739586,-0.444415073574670)  (-0.303437130695862,0.162852188406966)   (0.179548134976575,0.299521617658772)  (0.337513816657548,-0.257014026500641)  (0.439782854264086,-0.274089483465598)
  (0.478951257909221,0.053373649809698)  (-0.349896486739586,0.444415073574670)   (0.048601435521109,0.000000000000000)  (-0.088196778170709,0.395709107709804) (-0.299451821048632,-0.548647372132993)  (0.438493075645622,-0.309633191713790)   (0.517199677830617,0.561567238114558)
(-0.216488909224265,-0.188680761061681) (-0.303437130695862,-0.162852188406966) (-0.088196778170709,-0.395709107709804)   (0.325615127213388,0.000000000000000)  (-0.313896243686622,0.107492562517478) (-0.004440978324837,-0.175720169045290)  (0.273798785178108,-0.142072702045032)
  (0.310868370728932,0.217502779149488)  (0.179548134976575,-0.299521617658772)  (-0.299451821048632,0.548647372132993) (-0.313896243686622,-0.107492562517478)   (0.450058631112763,0.000000000000000)   (0.201573396009672,0.591613710800494)  (-0.050602910184950,0.124679958820779)
(-0.028635791221378,-0.222731152779617)   (0.337513816657548,0.257014026500641)   (0.438493075645622,0.309633191713790)  (-0.004440978324837,0.175720169045290)  (0.201573396009672,-0.591613710800494)  (-0.304580404288889,0.000000000000000)  (0.110566553205378,-0.087872345433741)
(-0.003266064930754,-0.370161181008106)   (0.439782854264086,0.274089483465598)  (0.517199677830617,-0.561567238114558)   (0.273798785178108,0.142072702045032) (-0.050602910184950,-0.124679958820779)   (0.110566553205378,0.087872345433741)  (-0.484111650085430,0.000000000000000)
  (0.419912898795585,0.000000000000000)  (-0.236755198644414,0.224817176676329)  (0.093889305915239,-0.623077296696383)  (-0.259104292327987,0.229910149532353)  (-0.435633580665322,0.096699473408675)  (0.349622914949626,-0.377447110186705)   (0.102945310485540,0.268717279143539)
(-0.236755198644414,-0.224817176676329)   (0.064875978177458,0.000000000000000) (-0.529692844843894,-0.103605431597282) (-0.687844922948723,-0.408561257786706)  (0.401600191526034,-0.718514281807241) (-0.215937277893041,-0.428722689659579) (-0.682441347775145,-0.359453882912162)
  (0.093889305915239,0.623077296696383)  (-0.529692844843894,0.103605431597282)  (-0.891579215630927,0.000000000000000) (-0.010483495947078,-0.544615095488484)  (0.108678170743495,-0.369970438572339) (-0.266419482048159,-0.180761822825383)   (0.071211613265885,0.171590816679201)
(-0.259104292327987,-0.229910149532353)  (-0.687844922948723,0.408561257786706)  (-0.010483495947078,0.544615095488484)  (-0.166387408162772,0.000000000000000)  (0.574683503845783,-0.149131696727322)  (-0.162867318431984,0.230093645214809) (-0.110489171798414,-0.152440556348354)
(-0.435633580665322,-0.096699473408675)   (0.401600191526034,0.718514281807241)   (0.108678170743495,0.369970438572339)   (0.574683503845783,0.149131696727322)   (0.547491068860398,0.000000000000000) (-0.717931337921160,-0.060541581001863)  (-0.396311820550770,0.298878715200635)
  (0.349622914949626,0.377447110186705)  (-0.215937277893041,0.428722689659579)  (-0.266419482048159,0.180761822825383) (-0.162867318431984,-0.230093645214809)  (-0.717931337921160,0.060541581001863)   (0.199194893585867,0.000000000000000)   (0.190311396706607,0.420170496277968)
 (0.102945310485540,-0.268717279143539)  (-0.682441347775145,0.359453882912162)  (0.071211613265885,-0.171590816679201)  (-0.110489171798414,0.152440556348354) (-0.396311820550770,-0.298878715200635)  (0.190311396706607,-0.420170496277968)  (-0.173508215638929,0.000000000000000)
  (0.482767205666665,0.000000000000000) (-0.158554957576948,-0.132036336893944)  (-0.443823115853910,0.096110730949264) (-0.091625131200164,-0.330055742158686) (-0.017289325500965,-0.643960767591384)  (0.275746761166488,-0.371575693186284)   (0.119841796946793,0.180618574959132)
 (-0.158554957576948,0.132036336893944)   (0.188838564754682,0.000000000000000)  (0.045559716660952,-0.332765168802580)   (0.412188049519807,0.120398673803897) (-0.058718795988902,-0.441700225404830)  (-0.553842305205748,0.276280618336126)   (0.197259209463516,0.347894985065678)
(-0.443823115853910,-0.096110730949264)   (0.045559716660952,0.332765168802580)  (-0.122886763399338,0.000000000000000)  (0.487418817190570,-0.540175136702483)  (-0.135362294071495,0.124027234571516)  (0.227938214441199,-0.123606644830428)  (0.434035221109615,-0.098613486420962)
 (-0.091625131200164,0.330055742158686)  (0.412188049519807,-0.120398673803897)   (0.487418817190570,0.540175136702483)   (0.266813251420839,0.000000000000000)  (-0.329833546418816,0.096935744629498)   (0.296474528027884,0.332460836442614)   (0.064283637032537,0.541537785186570)
 (-0.017289325500965,0.643960767591384)  (-0.058718795988902,0.441700225404830) (-0.135362294071495,-0.124027234571516) (-0.329833546418816,-0.096935744629498)  (-1.064772789997928,0.000000000000000)  (0.483545760937071,-0.528182847103446)  (-0.052628548737157,0.876010197294510)
  (0.275746761166488,0.371575693186284) (-0.553842305205748,-0.276280618336126)   (0.227938214441199,0.123606644830428)  (0.296474528027884,-0.332460836442614)   (0.483545760937071,0.528182847103446)  (-0.069104141172186,0.000000000000000)  (-0.082956861953760,0.162789955056888)
 (0.119841796946793,-0.180618574959132)  (0.197259209463516,-0.347894985065678)   (0.434035221109615,0.098613486420962)  (0.064283637032537,-0.541537785186570) (-0.052628548737157,-0.876010197294510) (-0.082956861953760,-0.162789955056888)   (0.318344672816804,0.000000000000000)
  (0.083293527760446,0.000000000000000)   (0.108647490053933,0.230217819234637)  (-0.691506084450584,0.468054529220651)   (0.100557796836513,0.377851205298087)  (-0.130095573741987,0.479475930142062) (-0.170267513080713,-0.388718962690501)   (0.261230984113691,0.194817080657299)
 (0.108647490053933,-0.230217819234637)  (-0.192406915842665,0.000000000000000)  (0.116889993846810,-0.444039257866850)   (0.247708067475100,0.385741817665461)  (0.310773060116097,-0.372458815019939)   (0.060908198607580,0.425617960744191)  (-0.049477652454622,0.146530883881417)
(-0.691506084450584,-0.468054529220651)   (0.116889993846810,0.444039257866850)  (-0.062876592000342,0.000000000000000)   (0.345451014879245,0.173055416165780)  (0.430799713015594,-0.181152028562693)  (-0.684880777549695,0.206849817495507) (-0.265534438713826,-0.300406544326776)
 (0.100557796836513,-0.377851205298087)  (0.247708067475100,-0.385741817665461)  (0.345451014879245,-0.173055416165780)  (-0.229323638954591,0.000000000000000)  (0.133085170736691,-0.261715119609286)   (0.483062147019247,0.450143370709824) (-0.063918880188359,-0.231801213065191)
(-0.130095573741987,-0.479475930142062)   (0.310773060116097,0.372458815019939)   (0.430799713015594,0.181152028562693)   (0.133085170736691,0.261715119609286)   (0.141211488406532,0.000000000000000)   (0.124173209990714,0.419759933810234) (-0.229369784662933,-0.206966794158147)
 (-0.170267513080713,0.388718962690501)  (0.060908198607580,-0.425617960744191) (-0.684880777549695,-0.206849817495507)  (0.483062147019247,-0.450143370709824)  (0.124173209990714,-0.419759933810234)   (0.373136463028561,0.000000000000000)  (-0.406444815282981,0.059873941057203)
 (0.261230984113691,-0.194817080657299) (-0.049477652454622,-0.146530883881417)  (-0.265534438713826,0.300406544326776)  (-0.063918880188359,0.231801213065191)  (-0.229369784662933,0.206966794158147) (-0.406444815282981,-0.059873941057203)  (-0.113034332491164,0.000000000000000)
