  (0.041706856800912,0.000000000000000)   (0.573540562591577,0.012767083141340)   (0.162820452171570,0.065876280927780) (-0.135635270342119,-0.120775736878470) (-0.016107424755421,-0.473584418764415)  (0.315475470249498,-0.002316994023101)   (0.330032461480824,0.015126815497695)
 (0.573540562591577,-0.012767083141340)   (0.092423663365653,0.000000000000000) (-0.034458206433402,-0.221593809605168)   (0.101304430559096,0.494206224340027) (-0.069686385153719,-0.309308199833260) (-0.174245264469690,-0.110832550388809)  (-0.064395804108022,0.007260235199726)
 (0.162820452171570,-0.065876280927780)  (-0.034458206433402,0.221593809605168)  (-0.036201220617691,0.000000000000000)  (0.091082544170281,-0.214439472993129)  (0.164755992404118,-0.013408745841198)  (0.132221374746665,-0.088790430513218)   (0.048520134534377,0.235247236676997)
 (-0.135635270342119,0.120775736878470)  (0.101304430559096,-0.494206224340027)   (0.091082544170281,0.214439472993129)  (-0.225659963606324,0.000000000000000)  (-0.034489015292337,0.104165518487879) (-0.150173474972760,-0.088318139957111)  (-0.224098351970969,0.159912350406175)
 (-0.016107424755421,0.473584418764415)  (-0.069686385153719,0.309308199833260)   (0.164755992404118,0.013408745841198) (-0.034489015292337,-0.104165518487879)  (-0.044853768561869,0.000000000000000)   (0.232073442105293,0.273015814601058) (-0.120121946636326,-0.580869214786115)
  (0.315475470249498,0.002316994023101)  (-0.174245264469690,0.110832550388809)   (0.132221374746665,0.088790430513218)  (-0.150173474972760,0.088318139957111)  (0.232073442105293,-0.273015814601058)   (0.255474819877324,0.000000000000000)  (-0.061603181573268,0.136502491622214)
 (0.330032461480824,-0.015126815497695) (-0.064395804108022,-0.007260235199726)  (0.048520134534377,-0.235247236676997) (-0.224098351970969,-0.159912350406175)  (-0.120121946636326,0.580869214786115) (-0.061603181573268,-0.136502491622214)  (-0.082890387258006,0.000000000000000)
  (0.217626488023949,0.000000000000000)  (0.072214648666734,-0.265562321549663)   (0.382101238045601,0.034113153339083) (-0.071374746152775,-0.418572481608850)  (-0.090271757582052,0.189270338521640) (-0.021825588393732,-0.411370886739940)  (-0.044943342757069,0.090608224013675)
  (0.072214648666734,0.265562321549663)  (-0.445600646390994,0.000000000000000)   (0.014825488725439,0.001511822282321)   (0.094641296841776,0.072973402318559)  (-0.346330031897053,0.244335442634961)  (0.180000963984027,-0.109596658732048)  (0.206112375060062,-0.217596127833275)
 (0.382101238045601,-0.034113153339083)  (0.014825488725439,-0.001511822282321)   (0.096989004792671,0.000000000000000)  (-0.071681592224870,0.423401506231813)   (0.189768160410719,0.121021063306734) (-0.028488209381290,-0.293194430938727) (-0.245847099126295,-0.219370910766547)
 (-0.071374746152775,0.418572481608850)  (0.094641296841776,-0.072973402318559) (-0.071681592224870,-0.423401506231813)  (-0.379573836353122,0.000000000000000) (-0.187280899522762,-0.221494481561248)  (0.148966540801378,-0.036850314749444)  (-0.002332919966311,0.146790135671941)
(-0.090271757582052,-0.189270338521640) (-0.346330031897053,-0.244335442634961)  (0.189768160410719,-0.121021063306734)  (-0.187280899522762,0.221494481561248)   (0.227995923535798,0.000000000000000)  (0.063851166253111,-0.191948346495034)  (0.202237575176360,-0.331926134986671)
 (-0.021825588393732,0.411370886739940)   (0.180000963984027,0.109596658732048)  (-0.028488209381290,0.293194430938727)   (0.148966540801378,0.036850314749444)   (0.063851166253111,0.191948346495034)   (0.317637036197860,0.000000000000000)  (-0.194158332213460,0.022528086524834)
(-0.044943342757069,-0.090608224013675)   (0.206112375060062,0.217596127833275)  (-0.245847099126295,0.219370910766547) (-0.002332919966311,-0.146790135671941)   (0.202237575176360,0.331926134986671) (-0.194158332213460,-0.022528086524834)  (-0.035073969806162,0.000000000000000)
  (0.172980125399051,0.000000000000000)  (0.056576325957561,-0.016259209017131) (-0.042905436682049,-0.409975569523016)   (0.351059677675015,0.020314839118620)   (0.095419402079995,0.335322671350609)  (-0.005697564414586,0.037714681667071) (-0.038116828892962,-0.163395666592291)
  (0.056576325957561,0.016259209017131)  (-0.224641013982765,0.000000000000000)  (0.146940755410475,-0.364699118191678) (-0.040538254184930,-0.267492599806598)  (-0.404836516640459,0.038694214661923)   (0.043289829017424,0.058253071085931) (-0.155218228413387,-0.114105965165563)
 (-0.042905436682049,0.409975569523016)   (0.146940755410475,0.364699118191678)  (-0.013155052228720,0.000000000000000)  (0.122799583939862,-0.014953526759771)   (0.040202318392277,0.160050690785411)  (0.370789413039510,-0.143108899577827)  (0.213861456605183,-0.133696985298398)
 (0.351059677675015,-0.020314839118620)  (-0.040538254184930,0.267492599806598)   (0.122799583939862,0.014953526759771)  (-0.143459357811910,0.000000000000000)  (-0.019766897632388,0.235629821702230)   (0.559291843781229,0.073369266351184)  (0.018595883229820,-0.295193548910299)
 (0.095419402079995,-0.335322671350609) (-0.404836516640459,-0.038694214661923)  (0.040202318392277,-0.160050690785411) (-0.019766897632388,-0.235629821702230)  (-0.125520164597276,0.000000000000000) (-0.118855877948423,-0.157664663913548) (-0.381550975835782,-0.062577327433186)
(-0.005697564414586,-0.037714681667071)  (0.043289829017424,-0.058253071085931)   (0.370789413039510,0.143108899577827)  (0.559291843781229,-0.073369266351184)  (-0.118855877948423,0.157664663913548)  (-0.056077499473237,0.000000000000000)  (-0.114469611072160,0.287200261083221)
 (-0.038116828892962,0.163395666592291)  (-0.155218228413387,0.114105965165563)   (0.213861456605183,0.133696985298398)   (0.018595883229820,0.295193548910299)  (-0.381550975835782,0.062577327433186) (-0.114469611072160,-0.287200261083221)   (0.389872962694858,0.000000000000000)
  (0.278854182148648,0.000000000000000)   (0.207747491573667,0.271293447671024)  (-0.194642999630722,0.003656421295492) (-0.073158109740710,-0.149770684871097)  (0.151862732180053,-0.408399895026438)  (-0.520142248586629,0.125128404079521)  (-0.134496323884934,0.322409065721224)
 (0.207747491573667,-0.271293447671024)   (0.566478695970189,0.000000000000000)  (-0.016567226896873,0.257660992466148)   (0.066359927936077,0.066604272338842) (-0.010832284508153,-0.112711829302286)  (-0.138258700673244,0.220899824250199) (-0.162394339578585,-0.019415605119895)
(-0.194642999630722,-0.003656421295492) (-0.016567226896873,-0.257660992466148)  (-0.419960620845516,0.000000000000000)   (0.142288441674241,0.189133905148128)  (0.139113360499864,-0.062440634931484)  (-0.003704970327221,0.397117828811521) (-0.016325466831367,-0.057441034899006)
 (-0.073158109740710,0.149770684871097)  (0.066359927936077,-0.066604272338842)  (0.142288441674241,-0.189133905148128)   (0.129041942774961,0.000000000000000)  (-0.371389768518175,0.286059824611317) (-0.164702403231324,-0.070394705561896)  (-0.144575200703951,0.012902759971954)
  (0.151862732180053,0.408399895026438)  (-0.010832284508153,0.112711829302286)   (0.139113360499864,0.062440634931484) (-0.371389768518175,-0.286059824611317)  (-0.324099589729274,0.000000000000000)  (-0.054897046322994,0.189925729557853)   (0.099536233542174,0.376709068062723)
(-0.520142248586629,-0.125128404079521) (-0.138258700673244,-0.220899824250199) (-0.003704970327221,-0.397117828811521)  (-0.164702403231324,0.070394705561896) (-0.054897046322994,-0.189925729557853)  (-0.301669796811131,0.000000000000000)  (-0.131772003852717,0.136304113770650)
(-0.134496323884934,-0.322409065721224)  (-0.162394339578585,0.019415605119895)  (-0.016325466831367,0.057441034899006) (-0.144575200703951,-0.012902759971954)  (0.099536233542174,-0.376709068062723) (-0.131772003852717,-0.136304113770650)   (0.071355186492124,0.000000000000000)
  (0.408217181005340,0.000000000000000)  (0.413076990219980,-0.024174141166735)  (0.234025852933811,-0.061868388062144) (-0.256607976759127,-0.043896036603949)  (-0.087775162660775,0.238616807021305)   (0.264342383865562,0.141036253954107)  (0.222275220257794,-0.150954479052639)
  (0.413076990219980,0.024174141166735)  (-0.001054599032947,0.000000000000000)  (-0.152500532559762,0.017667715604674)  (-0.104091268794583,0.099646977758373)  (-0.418601361467398,0.349346939358643)  (-0.078178891889759,0.357137717442776) (-0.107397925054185,-0.196409978188811)
  (0.234025852933811,0.061868388062144) (-0.152500532559762,-0.017667715604674)  (-0.221305913345271,0.000000000000000)  (-0.093548905100681,0.238094258785875) (-0.111468311026080,-0.234010592804227) (-0.014712234181704,-0.140759327181361)   (0.172466012104602,0.180705938903363)
 (-0.256607976759127,0.043896036603949) (-0.104091268794583,-0.099646977758373) (-0.093548905100681,-0.238094258785875)  (-0.284344442906573,0.000000000000000)  (0.282139266058862,-0.165336170522999)   (0.158020058000027,0.057480290263850)  (0.018657491313640,-0.124776661776259)
(-0.087775162660775,-0.238616807021305) (-0.418601361467398,-0.349346939358643)  (-0.111468311026080,0.234010592804227)   (0.282139266058862,0.165336170522999)  (-0.924121699706815,0.000000000000000) (-0.131821268335270,-0.084216873366527) (-0.068931822892288,-0.006070126309480)
 (0.264342383865562,-0.141036253954107) (-0.078178891889759,-0.357137717442776)  (-0.014712234181704,0.140759327181361)  (0.158020058000027,-0.057480290263850)  (-0.131821268335270,0.084216873366527)   (0.553099938156046,0.000000000000000)  (0.104864774227568,-0.152973837919833)
  (0.222275220257794,0.150954479052639)  (-0.107397925054185,0.196409978188811)  (0.172466012104602,-0.180705938903363)   (0.018657491313640,0.124776661776259)  (-0.068931822892288,0.006070126309480)   (0.104864774227568,0.152973837919833)   (0.469509535830221,0.000000000000000)
 (-0.168449974593527,0.000000000000000) (-0.132613499477658,-0.021293189924869)  (-0.351418688124238,0.081052230372692)  (0.085179336045216,-0.083829819266390)  (-0.141823363811283,0.171920434339047) (-0.159141960812521,-0.152064217225656) (-0.106766485096085,-0.109043286767415)
 (-0.132613499477658,0.021293189924869)  (-0.127476398730678,0.000000000000000)   (0.079447379467832,0.091514443601983)  (0.280970117634574,-0.074741927781804) (-0.333861073133174,-0.312878509279056)  (-0.263131453820076,0.230472437083086)  (-0.106185309668014,0.196958362634681)
(-0.351418688124238,-0.081052230372692)  (0.079447379467832,-0.091514443601983)  (-0.031241051401716,0.000000000000000)  (0.045876630196798,-0.263624554997158)   (0.239343220476409,0.223887857962707)  (-0.140347847702170,0.072058923493828) (-0.300492364908717,-0.328483182628158)
  (0.085179336045216,0.083829819266390)   (0.280970117634574,0.074741927781804)   (0.045876630196798,0.263624554997158)  (-0.031021703249229,0.000000000000000)  (0.219699761676897,-0.071836394986602)   (0.003125260863579,0.159642330776751)  (-0.053908431461842,0.166534853844331)
(-0.141823363811283,-0.171920434339047)  (-0.333861073133174,0.312878509279056)  (0.239343220476409,-0.223887857962707)   (0.219699761676897,0.071836394986602)  (-0.353261181727517,0.000000000000000) (-0.132951624380908,-0.383750099655652) (-0.185147495157057,-0.116153304150368)
 (-0.159141960812521,0.152064217225656) (-0.263131453820076,-0.230472437083086) (-0.140347847702170,-0.072058923493828)  (0.003125260863579,-0.159642330776751)  (-0.132951624380908,0.383750099655652)   (0.354283505530038,0.000000000000000) (-0.070308669353832,-0.075517716061179)
 (-0.106766485096085,0.109043286767415) (-0.106185309668014,-0.196958362634681)  (-0.300492364908717,0.328483182628158) (-0.053908431461842,-0.166534853844331)  (-0.185147495157057,0.116153304150368)  (-0.070308669353832,0.075517716061179)   (0.357166804172631,0.000000000000000)
 (-0.413987344602814,0.000000000000000)  (0.120424041420250,-0.140962050909877)  (-0.110726362277179,0.252800819052094)  (0.139108151830216,-0.012676408074275)  (0.215613574417185,-0.050418431372871)  (-0.265974425901001,0.133800660884403) (-0.138000441729917,-0.219831180043101)
  (0.120424041420250,0.140962050909877)  (-0.048935433334581,0.000000000000000)  (0.404818735379743,-0.249491351161495)   (0.488500501183448,0.388251506437830)  (-0.153110689421730,0.162889042162877)   (0.059789768095694,0.348699744172191)   (0.041104099470628,0.349606978716185)
(-0.110726362277179,-0.252800819052094)   (0.404818735379743,0.249491351161495)   (0.508665647048865,0.000000000000000)  (-0.117974483841402,0.508253988471720)  (-0.230290996298356,0.110676524652010)   (0.060019496696554,0.062929778950619) (-0.249688683830655,-0.009518141435184)
  (0.139108151830216,0.012676408074275)  (0.488500501183448,-0.388251506437830) (-0.117974483841402,-0.508253988471720)  (-0.005888312796539,0.000000000000000)  (-0.377795097921990,0.227115533335330)  (0.250626938464374,-0.132754942887538)   (0.052460612513125,0.035103169820486)
  (0.215613574417185,0.050418431372871) (-0.153110689421730,-0.162889042162877) (-0.230290996298356,-0.110676524652010) (-0.377795097921990,-0.227115533335330)  (-0.299999406550303,0.000000000000000)   (0.338438613050076,0.002866717712696)  (0.136161014694312,-0.223894704029279)
(-0.265974425901001,-0.133800660884403)  (0.059789768095694,-0.348699744172191)  (0.060019496696554,-0.062929778950619)   (0.250626938464374,0.132754942887538)  (0.338438613050076,-0.002866717712696)  (-0.053094454587292,0.000000000000000) (-0.135550309776142,-0.347803102107782)
 (-0.138000441729917,0.219831180043101)  (0.041104099470628,-0.349606978716185)  (-0.249688683830655,0.009518141435184)  (0.052460612513125,-0.035103169820486)   (0.136161014694312,0.223894704029279)  (-0.135550309776142,0.347803102107782)   (0.313239304822664,0.000000000000000)
 (-0.467864091730371,0.000000000000000)   (0.011672028593568,0.009027142904946)  (0.335009569549706,-0.098049813746203)   (0.121058226802067,0.133333318493279)   (0.018781271401280,0.416646151964155)  (-0.110425298641032,0.218319727843783) (-0.060340704201767,-0.124643832014160)
 (0.011672028593568,-0.009027142904946)  (-0.276804809162483,0.000000000000000)  (-0.131948571734318,0.214841762154399) (-0.227099933585877,-0.110369431313131)   (0.117854211494353,0.286341332546557)   (0.379927218293218,0.052241960137121) (-0.134683735067740,-0.083088157319185)
  (0.335009569549706,0.098049813746203) (-0.131948571734318,-0.214841762154399)   (0.023214301652709,0.000000000000000)  (-0.057458048143581,0.341104665499925)  (0.091701735891021,-0.098687659671032) (-0.124008974935701,-0.022073177036559) (-0.244367320782238,-0.120928307230155)
 (0.121058226802067,-0.133333318493279)  (-0.227099933585877,0.110369431313131) (-0.057458048143581,-0.341104665499925)   (0.277549742730182,0.000000000000000)  (0.124902879015023,-0.202570239750575) (-0.208387494005375,-0.000510865961140)  (0.035897292867937,-0.391882432015788)
 (0.018781271401280,-0.416646151964155)  (0.117854211494353,-0.286341332546557)   (0.091701735891021,0.098687659671032)   (0.124902879015023,0.202570239750575)   (0.682561416712771,0.000000000000000)  (-0.180467101854018,0.429832325411589)  (0.159025287780761,-0.493272742232837)
(-0.110425298641032,-0.218319727843783)  (0.379927218293218,-0.052241960137121)  (-0.124008974935701,0.022073177036559)  (-0.208387494005375,0.000510865961140) (-0.180467101854018,-0.429832325411589)  (-0.112781142621119,0.000000000000000)  (0.026378827603190,-0.073235767783180)
 (-0.060340704201767,0.124643832014160)  (-0.134683735067740,0.083088157319185)  (-0.244367320782238,0.120928307230155)   (0.035897292867937,0.391882432015788)   (0.159025287780761,0.493272742232837)   (0.026378827603190,0.073235767783180)  (-0.125875417581688,0.000000000000000)
 (-0.079079126836826,0.000000000000000) (-0.046943695985485,-0.032422651418857)  (0.526773737695422,-0.325959992320817) (-0.000360353298366,-0.221077482862226)  (0.054003193395042,-0.360997398117691)   (0.159006389518475,0.080294907557481)  (-0.154323645580204,0.047491680944732)
 (-0.046943695985485,0.032422651418857)   (0.358836221240323,0.000000000000000)  (-0.037208860914665,0.203858398896182) (-0.156513289386513,-0.482089193727674)  (-0.385461869266456,0.258697320085900) (-0.006612336039105,-0.191055021989421)  (0.169639535426814,-0.050407870959167)
  (0.526773737695422,0.325959992320817) (-0.037208860914665,-0.203858398896182)   (0.164132324677289,0.000000000000000) (-0.083308741925341,-0.348569547738621)  (-0.147914397069614,0.026210726201085)  (0.380905107206537,-0.039991264867750)   (0.177856170375596,0.065209764648790)
 (-0.000360353298366,0.221077482862226)  (-0.156513289386513,0.482089193727674)  (-0.083308741925341,0.348569547738621)   (0.049020930533345,0.000000000000000)   (0.121981556464055,0.007996998218210) (-0.325525152440046,-0.252912647522127)  (-0.073973069794644,0.180388329520185)
  (0.054003193395042,0.360997398117691) (-0.385461869266456,-0.258697320085900) (-0.147914397069614,-0.026210726201085)  (0.121981556464055,-0.007996998218210)  (-0.054075580481157,0.000000000000000) (-0.110584217771078,-0.116041559262438)   (0.019080184347054,0.053952613163390)
 (0.159006389518475,-0.080294907557481)  (-0.006612336039105,0.191055021989421)   (0.380905107206537,0.039991264867750)  (-0.325525152440046,0.252912647522127)  (-0.110584217771078,0.116041559262438)  (-0.280909765678461,0.000000000000000)   (0.432028552754678,0.072761620244499)
(-0.154323645580204,-0.047491680944732)   (0.169639535426814,0.050407870959167)  (0.177856170375596,-0.065209764648790) (-0.073973069794644,-0.180388329520185)  (0.019080184347054,-0.053952613163390)  (0.432028552754678,-0.072761620244499)  (-0.157925003454513,0.000000000000000)
