 (-0.056225767859331,0.000000000000000)  (-0.080884781837658,0.069795473186257)  (0.190428101649993,-0.116744503580905)  (0.109906061845236,-0.027629784370436)  (-0.040426231108343,0.059233632361620) (-0.095490920757648,-0.212433951930248)  (-0.113520536998717,0.047654764096051)
(-0.080884781837658,-0.069795473186257)  (-0.004491596751741,0.000000000000000)  (-0.196860807868283,0.114970073192179)   (0.156927973158539,0.050363462084707)  (-0.168928923350449,0.143629998829267)  (-0.027298845166416,0.031219450708898)   (0.368793131059576,0.108603002594420)
  (0.190428101649993,0.116744503580905) (-0.196860807868283,-0.114970073192179)  (-0.159661767839001,0.000000000000000)  (0.175465176993994,-0.144682854264319)  (-0.301742670573243,0.003230128560921)  (-0.319052465388421,0.111782849513293)  (-0.074047067871169,0.049849278506372)
  (0.109906061845236,0.027629784370436)  (0.156927973158539,-0.050363462084707)   (0.175465176993994,0.144682854264319)   (0.117459907013660,0.000000000000000)  (-0.146263810642261,0.188996538850336) (-0.031880726393417,-0.027976115091615)   (0.023085343530232,0.026254501798512)
(-0.040426231108343,-0.059233632361620) (-0.168928923350449,-0.143629998829267) (-0.301742670573243,-0.003230128560921) (-0.146263810642261,-0.188996538850336)  (-0.135155778167069,0.000000000000000)   (0.102404905527361,0.085025957768143)  (0.000182974717006,-0.119096021698599)
 (-0.095490920757648,0.212433951930248) (-0.027298845166416,-0.031219450708898) (-0.319052465388421,-0.111782849513293)  (-0.031880726393417,0.027976115091615)  (0.102404905527361,-0.085025957768143)  (-0.027402112866399,0.000000000000000)  (0.057903930183121,-0.223803446550873)
(-0.113520536998717,-0.047654764096051)  (0.368793131059576,-0.108603002594420) (-0.074047067871169,-0.049849278506372)  (0.023085343530232,-0.026254501798512)   (0.000182974717006,0.119096021698599)   (0.057903930183121,0.223803446550873)   (0.265477116469876,0.000000000000000)
  (0.031724467616865,0.000000000000000)  (0.004184364490859,-0.030887552461519) (-0.053282809156302,-0.122283337619796)  (0.003748762805605,-0.152839149397525) (-0.020976722525067,-0.088857880780574)  (0.108869918346466,-0.093840987729470)   (0.044168227270181,0.108836055371902)
  (0.004184364490859,0.030887552461519)  (-0.137632311637282,0.000000000000000)  (-0.045339977014465,0.049282106662934)  (0.165452591109903,-0.133929032082810)   (0.228122544841284,0.004933211135691)   (0.028683491623371,0.048302915916433)  (0.071735967298565,-0.052363388449195)
 (-0.053282809156302,0.122283337619796) (-0.045339977014465,-0.049282106662934)   (0.169925360261254,0.000000000000000)   (0.049197828004774,0.138269810569845)  (0.046766419796867,-0.041869999955345)   (0.047557575782677,0.114730093692900)  (0.134013439189416,-0.066323942448902)
  (0.003748762805605,0.152839149397525)   (0.165452591109903,0.133929032082810)  (0.049197828004774,-0.138269810569845)  (-0.045496561242636,0.000000000000000)   (0.084283706943302,0.044567125622642)  (-0.102151095851286,0.068187144930719) (-0.160760944660167,-0.023798485777834)
 (-0.020976722525067,0.088857880780574)  (0.228122544841284,-0.004933211135691)   (0.046766419796867,0.041869999955345)  (0.084283706943302,-0.044567125622642)   (0.059903171187412,0.000000000000000)   (0.111773810033778,0.026977054593453)  (-0.249327681260817,0.000269364800451)
  (0.108869918346466,0.093840987729470)  (0.028683491623371,-0.048302915916433)  (0.047557575782677,-0.114730093692900) (-0.102151095851286,-0.068187144930719)  (0.111773810033778,-0.026977054593453)   (0.049485351457697,0.000000000000000)  (-0.149457838100970,0.077233433245336)
 (0.044168227270181,-0.108836055371902)   (0.071735967298565,0.052363388449195)   (0.134013439189416,0.066323942448902)  (-0.160760944660167,0.023798485777834) (-0.249327681260817,-0.000269364800451) (-0.149457838100970,-0.077233433245336)  (-0.127909477643309,0.000000000000000)
 (-0.061809885102003,0.000000000000000)  (0.016441806363927,-0.175861223500563)  (0.035032591296549,-0.102416146382355)  (-0.033580445935074,0.076404452675180)   (0.144976129188976,0.111878635187769)  (0.108907619025132,-0.020696173248856) (-0.168648712322556,-0.029416036732300)
  (0.016441806363927,0.175861223500563)   (0.078026894582346,0.000000000000000)  (-0.044556049557533,0.313722664621066)  (0.026035245554764,-0.057440227301847) (-0.145015635595361,-0.000844349807340) (-0.005025458213857,-0.049794240169387) (-0.016685201351392,-0.027353843391955)
  (0.035032591296549,0.102416146382355) (-0.044556049557533,-0.313722664621066)   (0.136611522996501,0.000000000000000)   (0.176394744680645,0.104180020801791) (-0.077236040983985,-0.059115972019428)   (0.078424576622345,0.118736938736270)   (0.015802506461493,0.073708253718282)
(-0.033580445935074,-0.076404452675180)   (0.026035245554764,0.057440227301847)  (0.176394744680645,-0.104180020801791)  (-0.126909876701865,0.000000000000000)  (-0.019535797477242,0.124385575140265) (-0.050301834713401,-0.152801775671167)  (0.113130420904877,-0.098869800689873)
 (0.144976129188976,-0.111878635187769)  (-0.145015635595361,0.000844349807340)  (-0.077236040983985,0.059115972019428) (-0.019535797477242,-0.124385575140265)  (-0.006091730935409,0.000000000000000)  (-0.053467150204251,0.072633261255505)   (0.028076168554488,0.067476665542924)
  (0.108907619025132,0.020696173248856)  (-0.005025458213857,0.049794240169387)  (0.078424576622345,-0.118736938736270)  (-0.050301834713401,0.152801775671167) (-0.053467150204251,-0.072633261255505)   (0.007451052728992,0.000000000000000) (-0.131638154395457,-0.028699315672812)
 (-0.168648712322556,0.029416036732300)  (-0.016685201351392,0.027353843391955)  (0.015802506461493,-0.073708253718282)   (0.113130420904877,0.098869800689873)  (0.028076168554488,-0.067476665542924)  (-0.131638154395457,0.028699315672812)  (-0.027277977568536,0.000000000000000)
  (0.051876090031446,0.000000000000000)   (0.159258155411872,0.175284620694421)  (0.134189562522107,-0.278047980858816)   (0.008022766689497,0.036783874691794)  (-0.171947977144871,0.041537712450881)  (-0.049623932623419,0.135779024243783)  (-0.146205717705634,0.200092990643205)
 (0.159258155411872,-0.175284620694421)  (-0.156046164857933,0.000000000000000)   (0.089658954225324,0.034696983097329)  (-0.148020222517711,0.062965896836350)  (0.036049829888272,-0.000462281866186) (-0.111911243175781,-0.086565902894739)   (0.035854219051050,0.098528981322389)
  (0.134189562522107,0.278047980858816)  (0.089658954225324,-0.034696983097329)   (0.001164688477326,0.000000000000000) (-0.039130239699033,-0.038505143294444)  (-0.001066572812610,0.063331658796271)  (-0.116256172300120,0.074389666581987)  (0.079711427597909,-0.002589755240357)
 (0.008022766689497,-0.036783874691794) (-0.148020222517711,-0.062965896836350)  (-0.039130239699033,0.038505143294444)   (0.049742888527343,0.000000000000000)  (-0.165972803516380,0.000394987272075)  (-0.107257029696244,0.114582213876286)   (0.188664817233746,0.000451188743798)
(-0.171947977144871,-0.041537712450881)   (0.036049829888272,0.000462281866186) (-0.001066572812610,-0.063331658796271) (-0.165972803516380,-0.000394987272075)   (0.132229676246123,0.000000000000000) (-0.052734063298518,-0.185313634601509) (-0.171190223508024,-0.200651035916519)
(-0.049623932623419,-0.135779024243783)  (-0.111911243175781,0.086565902894739) (-0.116256172300120,-0.074389666581987) (-0.107257029696244,-0.114582213876286)  (-0.052734063298518,0.185313634601509)  (-0.011360604808984,0.000000000000000)  (-0.137840432673888,0.031018750437020)
(-0.146205717705634,-0.200092990643205)  (0.035854219051050,-0.098528981322389)   (0.079711427597909,0.002589755240357)  (0.188664817233746,-0.000451188743798)  (-0.171190223508024,0.200651035916519) (-0.137840432673888,-0.031018750437020)  (-0.067606573615325,0.000000000000000)
 (-0.109981673558786,0.000000000000000)   (0.177614334273870,0.007193821978532)  (0.060849149295115,-0.117538441378855) (-0.014922625583848,-0.133835619815008)  (-0.123577029285766,0.056939417320930)   (0.108470743314266,0.139600614364015) (-0.118452348816221,-0.005699037066953)
 (0.177614334273870,-0.007193821978532)   (0.130288130856352,0.000000000000000)   (0.074589918356140,0.086400092251711)  (-0.060662602246281,0.041991743788727)  (-0.015431438921511,0.121470180786987) (-0.030477002280297,-0.102374750282398) (-0.016269597654416,-0.103042987189032)
  (0.060849149295115,0.117538441378855)  (0.074589918356140,-0.086400092251711)   (0.193897422807236,0.000000000000000)  (0.076123466014691,-0.223897114050734) (-0.041121668832682,-0.055222530140537) (-0.077297441745749,-0.138258848967259)   (0.177833831220518,0.051516304852452)
 (-0.014922625583848,0.133835619815008) (-0.060662602246281,-0.041991743788727)   (0.076123466014691,0.223897114050734)   (0.031721904448757,0.000000000000000)   (0.067073401031053,0.189893743875686)  (-0.028045315453649,0.054892110731881)  (0.034250574428486,-0.032435374969077)
(-0.123577029285766,-0.056939417320930) (-0.015431438921511,-0.121470180786987)  (-0.041121668832682,0.055222530140537)  (0.067073401031053,-0.189893743875686)  (-0.042111962570641,0.000000000000000)  (0.042325693722422,-0.122975768409035)  (-0.087648504535084,0.083188698685256)
 (0.108470743314266,-0.139600614364015)  (-0.030477002280297,0.102374750282398)  (-0.077297441745749,0.138258848967259) (-0.028045315453649,-0.054892110731881)   (0.042325693722422,0.122975768409035)  (-0.171922772238085,0.000000000000000) (-0.116804870583656,-0.276229563374600)
 (-0.118452348816221,0.005699037066953)  (-0.016269597654416,0.103042987189032)  (0.177833831220518,-0.051516304852452)   (0.034250574428486,0.032435374969077) (-0.087648504535084,-0.083188698685256)  (-0.116804870583656,0.276229563374600)  (-0.031891049744831,0.000000000000000)
 (-0.291696097446642,0.000000000000000)  (-0.003943153150555,0.005707100656720) (-0.091650263359605,-0.172003959735067) (-0.156143542601539,-0.159485117625164) (-0.114064968787465,-0.032445993159431)  (-0.026716855339139,0.017583360110859) (-0.126379512018400,-0.088368802756349)
(-0.003943153150555,-0.005707100656720)  (-0.179763668262416,0.000000000000000) (-0.207324420153862,-0.059811147881389)  (-0.066278487759725,0.067220618248502)  (0.011189042920240,-0.151116686876733)   (0.133701421843949,0.120226175425000)   (0.200359034396001,0.022670936625349)
 (-0.091650263359605,0.172003959735067)  (-0.207324420153862,0.059811147881389)  (-0.097244104599774,0.000000000000000)  (0.063938211898224,-0.144460540036053)  (0.045415040898655,-0.040202698061968)  (0.013522874688328,-0.061527701931505)   (0.084907608675748,0.137930021069225)
 (-0.156143542601539,0.159485117625164) (-0.066278487759725,-0.067220618248502)   (0.063938211898224,0.144460540036053)   (0.054853488012859,0.000000000000000)   (0.058548595680119,0.190583979676949) (-0.143030101510802,-0.187513308563337)  (-0.096093560321397,0.229675692817318)
 (-0.114064968787465,0.032445993159431)   (0.011189042920240,0.151116686876733)   (0.045415040898655,0.040202698061968)  (0.058548595680119,-0.190583979676949)   (0.215460316471573,0.000000000000000) (-0.225348809332289,-0.042351609287312)  (-0.019243780311891,0.049713919819721)
(-0.026716855339139,-0.017583360110859)  (0.133701421843949,-0.120226175425000)   (0.013522874688328,0.061527701931505)  (-0.143030101510802,0.187513308563337)  (-0.225348809332289,0.042351609287312)   (0.080189683884358,0.000000000000000) (-0.222832590660271,-0.204412492284151)
 (-0.126379512018400,0.088368802756349)  (0.200359034396001,-0.022670936625349)  (0.084907608675748,-0.137930021069225) (-0.096093560321397,-0.229675692817318) (-0.019243780311891,-0.049713919819721)  (-0.222832590660271,0.204412492284151)   (0.218200381940043,0.000000000000000)
 (-0.211479179689695,0.000000000000000) (-0.024209676941551,-0.042342515263336)   (0.168950375240174,0.145739315409146)   (0.019159819581818,0.054645660129333)  (-0.090655796558003,0.012198103956192)  (0.045207983241261,-0.319710013760564)  (0.214241033502926,-0.011455863864224)
 (-0.024209676941551,0.042342515263336)   (0.115126206667909,0.000000000000000)   (0.099582112127637,0.023059140735514)  (0.052945992805390,-0.033998884718140)  (0.266569992786903,-0.072476800719061)  (0.107982516375367,-0.181629918500131) (-0.307086100446929,-0.075884989503781)
 (0.168950375240174,-0.145739315409146)  (0.099582112127637,-0.023059140735514)  (-0.120210936688642,0.000000000000000) (-0.178181169229079,-0.181908387265373)  (0.160508273662377,-0.152612922252249)  (0.050839173442817,-0.043551764091752)  (-0.069644990720707,0.154518044093391)
 (0.019159819581818,-0.054645660129333)   (0.052945992805390,0.033998884718140)  (-0.178181169229079,0.181908387265373)  (-0.174217392438714,0.000000000000000)   (0.048197049334842,0.202553547104654)   (0.038810016934533,0.038106648183563) (-0.047097924580809,-0.261152261210792)
(-0.090655796558003,-0.012198103956192)   (0.266569992786903,0.072476800719061)   (0.160508273662377,0.152612922252249)  (0.048197049334842,-0.202553547104654)   (0.084150863352161,0.000000000000000)   (0.120191584317536,0.135333379470369)  (-0.295313075032163,0.135008631102867)
  (0.045207983241261,0.319710013760564)   (0.107982516375367,0.181629918500131)   (0.050839173442817,0.043551764091752)  (0.038810016934533,-0.038106648183563)  (0.120191584317536,-0.135333379470369)   (0.330970288222566,0.000000000000000)   (0.010540035073986,0.143216612101630)
  (0.214241033502926,0.011455863864224)  (-0.307086100446929,0.075884989503781) (-0.069644990720707,-0.154518044093391)  (-0.047097924580809,0.261152261210792) (-0.295313075032163,-0.135008631102867)  (0.010540035073986,-0.143216612101630)  (-0.024339849425581,0.000000000000000)
 (-0.031205349182296,0.000000000000000)   (0.019685462733110,0.066646872069952)   (0.084518541239596,0.115407238965379)  (0.329256017548478,-0.049616580523532)  (-0.119893966371338,0.067263199410123)  (-0.107271754736641,0.187936178144346)   (0.041025179075352,0.213495363343730)
 (0.019685462733110,-0.066646872069952)   (0.014756322976964,0.000000000000000) (-0.018162705066933,-0.220527056057386) (-0.035278436236176,-0.122744814361575) (-0.033640530565044,-0.039068189245147)   (0.054192166348335,0.124489744281756)  (0.074567199627551,-0.144423198717612)
 (0.084518541239596,-0.115407238965379)  (-0.018162705066933,0.220527056057386)  (-0.068783507976585,0.000000000000000)  (0.172491496477678,-0.117966955771702)  (0.097038427879532,-0.141453821750902)   (0.107896567827145,0.015303904963490)  (-0.395766683677229,0.253493570674087)
  (0.329256017548478,0.049616580523532)  (-0.035278436236176,0.122744814361575)   (0.172491496477678,0.117966955771702)   (0.394943445334152,0.000000000000000) (-0.207366252836315,-0.217768811283057)   (0.000282953228912,0.024851652917133)  (0.154659275780983,-0.146010083757370)
(-0.119893966371338,-0.067263199410123)  (-0.033640530565044,0.039068189245147)   (0.097038427879532,0.141453821750902)  (-0.207366252836315,0.217768811283057)  (-0.161691179776710,0.000000000000000)  (-0.018216171313687,0.073011564845043) (-0.018299404300931,-0.123389533129806)
(-0.107271754736641,-0.187936178144346)  (0.054192166348335,-0.124489744281756)  (0.107896567827145,-0.015303904963490)  (0.000282953228912,-0.024851652917133) (-0.018216171313687,-0.073011564845043)  (-0.186988435144555,0.000000000000000)   (0.032087177587439,0.175734277445359)
 (0.041025179075352,-0.213495363343730)   (0.074567199627551,0.144423198717612) (-0.395766683677229,-0.253493570674087)   (0.154659275780983,0.146010083757370)  (-0.018299404300931,0.123389533129806)  (0.032087177587439,-0.175734277445359)   (0.038968703769037,0.000000000000000)
 (-0.133208238785575,0.000000000000000)  (0.238290970456818,-0.066403253134784) (-0.087522964288246,-0.071549015122815) (-0.108341743115321,-0.041233387425836) (-0.017401116972281,-0.234806045386072)   (0.013960439130640,0.009538062665916) (-0.106073637120171,-0.044537933425626)
  (0.238290970456818,0.066403253134784)   (0.128254290144967,0.000000000000000) (-0.267896601299356,-0.117772778858394)  (0.142625731040060,-0.147536916362734)  (-0.182485912264424,0.126558310628153)   (0.067014374482543,0.129632323541746) (-0.121859340396406,-0.101806070761394)
 (-0.087522964288246,0.071549015122815)  (-0.267896601299356,0.117772778858394)  (-0.071263204182980,0.000000000000000)  (0.010045715140685,-0.130648560835257)  (0.052781912165583,-0.017186935214300)  (0.042195627563305,-0.090643711897079)  (0.019291476602299,-0.025655577576529)
 (-0.108341743115321,0.041233387425836)   (0.142625731040060,0.147536916362734)   (0.010045715140685,0.130648560835257)   (0.155555894390656,0.000000000000000)  (0.161335845372223,-0.058408750744057)  (0.088515063590586,-0.120501698173515) (-0.000833076519138,-0.054987227949420)
 (-0.017401116972281,0.234806045386072) (-0.182485912264424,-0.126558310628153)   (0.052781912165583,0.017186935214300)   (0.161335845372223,0.058408750744057)  (-0.039507103423461,0.000000000000000) (-0.124801847213237,-0.104561632711982)  (0.075231084162940,-0.085280245511604)
 (0.013960439130640,-0.009538062665916)  (0.067014374482543,-0.129632323541746)   (0.042195627563305,0.090643711897079)   (0.088515063590586,0.120501698173515)  (-0.124801847213237,0.104561632711982)  (-0.042620923563122,0.000000000000000)   (0.194268183367992,0.206069873423827)
 (-0.106073637120171,0.044537933425626)  (-0.121859340396406,0.101806070761394)   (0.019291476602299,0.025655577576529)  (-0.000833076519138,0.054987227949420)   (0.075231084162940,0.085280245511604)  (0.194268183367992,-0.206069873423827)   (0.002789285419507,0.000000000000000)
