  (0.293131518731448,0.000000000000000)  (0.301905819791571,-0.222643743318834) (-0.623817272232123,-0.032762372396603)  (-0.133688448274784,0.090431441345365) (-0.181604728885032,-0.244379038067678)   (0.476181986513843,0.640086150671973)  (0.512556959995645,-0.139992709296032)
  (0.301905819791571,0.222643743318834)   (0.271854347436302,0.000000000000000)  (0.616115007830158,-0.148406996617539) (-0.486177977272392,-0.118893211263704)  (0.368794019023627,-0.300598250644833)   (0.288546629003325,0.049124253412574) (-0.794347321870120,-0.330245042284108)
 (-0.623817272232123,0.032762372396603)   (0.616115007830158,0.148406996617539)   (0.436632533822910,0.000000000000000)  (-0.538397332245762,0.363972460929477)  (0.810633961363407,-0.025163400014067)   (0.766230465109100,0.023025801901556)  (0.118640532629558,-0.058915895262173)
(-0.133688448274784,-0.090431441345365)  (-0.486177977272392,0.118893211263704) (-0.538397332245762,-0.363972460929477)  (-0.706239518596114,0.000000000000000)  (0.504403616528463,-0.588643588299770)   (0.207166709863370,0.107183998597413)  (-0.073063871219540,0.030382378458673)
 (-0.181604728885032,0.244379038067678)   (0.368794019023627,0.300598250644833)   (0.810633961363407,0.025163400014067)   (0.504403616528463,0.588643588299770)   (0.047848151429636,0.000000000000000) (-0.394716204564583,-0.266502980037523)   (0.049091936566536,0.485308073942442)
 (0.476181986513843,-0.640086150671973)  (0.288546629003325,-0.049124253412574)  (0.766230465109100,-0.023025801901556)  (0.207166709863370,-0.107183998597413)  (-0.394716204564583,0.266502980037523)   (0.014806659911043,0.000000000000000)  (-0.309240750219099,0.599334094366330)
  (0.512556959995645,0.139992709296032)  (-0.794347321870120,0.330245042284108)   (0.118640532629558,0.058915895262173) (-0.073063871219540,-0.030382378458673)  (0.049091936566536,-0.485308073942442) (-0.309240750219099,-0.599334094366330)  (-0.358033692735226,0.000000000000000)
 (-0.301073753281489,0.000000000000000)  (-0.099103180359123,0.143172720777323)   (0.123668657748050,0.537195793706615)   (0.083506400491438,0.291975060139886)  (-0.047116115301278,0.377562859750575)  (-0.370113949587047,0.256468589075649) (-0.240004586140804,-0.626215790408242)
(-0.099103180359123,-0.143172720777323)   (0.523870360512290,0.000000000000000)  (0.199044949142377,-0.075980380707680)  (-0.428223811131253,0.530164200853800) (-0.680981834184879,-0.302879104074225) (-0.040402006584618,-0.158249727653897)  (-0.395368042687121,0.601229857511654)
 (0.123668657748050,-0.537195793706615)   (0.199044949142377,0.075980380707680)  (-0.480947032906421,0.000000000000000) (-0.377326722396750,-0.274222245357517)  (-0.428508275264300,0.130483858746318) (-0.007726226944747,-0.276374140557392)  (-0.442946662952691,0.314865891401076)
 (0.083506400491438,-0.291975060139886) (-0.428223811131253,-0.530164200853800)  (-0.377326722396750,0.274222245357517)   (0.051877909713942,0.000000000000000) (-0.312821333744105,-0.087435145009546)  (0.456146930668580,-0.167913781507892)   (0.497543845547745,0.220925203677095)
(-0.047116115301278,-0.377562859750575)  (-0.680981834184879,0.302879104074225) (-0.428508275264300,-0.130483858746318)  (-0.312821333744105,0.087435145009546)  (-0.263607287753614,0.000000000000000) (-0.244523148434848,-0.185655116730046)  (0.594218017805476,-0.002630703467979)
(-0.370113949587047,-0.256468589075649)  (-0.040402006584618,0.158249727653897)  (-0.007726226944747,0.276374140557392)   (0.456146930668580,0.167913781507892)  (-0.244523148434848,0.185655116730046)  (-0.320846950845304,0.000000000000000)  (0.451001793809137,-0.155721342862783)
 (-0.240004586140804,0.626215790408242) (-0.395368042687121,-0.601229857511654) (-0.442946662952691,-0.314865891401076)  (0.497543845547745,-0.220925203677095)   (0.594218017805476,0.002630703467979)   (0.451001793809137,0.155721342862783)   (0.790726754560596,0.000000000000000)
  (0.166841425990997,0.000000000000000)  (-0.006215217719523,0.469683151888663)  (-0.171822444927895,0.174343674719929)  (0.068174036961536,-0.277120013410025) (-0.437984621065967,-0.257848449845619)  (-0.506150618325660,0.266600857505817)   (0.605232633009571,0.031543624549911)
(-0.006215217719523,-0.469683151888663)  (-0.123158741033878,0.000000000000000)  (0.088187562667902,-0.819790111538593)  (-0.022911967174507,0.182182477785158)  (0.240335066028116,-0.018672017626371)  (-0.128845331978885,0.173173637769307)   (0.147149027511251,0.105885130190268)
(-0.171822444927895,-0.174343674719929)   (0.088187562667902,0.819790111538593)  (-0.566477187170196,0.000000000000000) (-0.654204647772874,-0.477962208320923)   (0.264211313153451,0.267253485353814) (-0.279499598296183,-0.016609105701576)  (0.079606442236608,-0.355392294863282)
  (0.068174036961536,0.277120013410025) (-0.022911967174507,-0.182182477785158)  (-0.654204647772874,0.477962208320923)   (0.196063856274220,0.000000000000000)  (0.133870952431912,-0.374928659791983)   (0.275071233099047,0.339215215304083)  (-0.359538061539031,0.361721439902562)
 (-0.437984621065967,0.257848449845619)   (0.240335066028116,0.018672017626371)  (0.264211313153451,-0.267253485353814)   (0.133870952431912,0.374928659791983)   (0.001642514134481,0.000000000000000)  (0.290953644420453,-0.295337798319229)  (-0.182680114234994,0.027359467633001)
(-0.506150618325660,-0.266600857505817) (-0.128845331978885,-0.173173637769307)  (-0.279499598296183,0.016609105701576)  (0.275071233099047,-0.339215215304083)   (0.290953644420453,0.295337798319229)   (0.107994881112334,0.000000000000000)  (0.435659265952599,-0.003682351744230)
 (0.605232633009571,-0.031543624549911)  (0.147149027511251,-0.105885130190268)   (0.079606442236608,0.355392294863282) (-0.359538061539031,-0.361721439902562) (-0.182680114234994,-0.027359467633001)   (0.435659265952599,0.003682351744230)   (0.217093250692043,0.000000000000000)
 (-0.305049152467691,0.000000000000000) (-0.542685766570969,-0.445322010116763)  (-0.623685823873247,0.644623471383913)  (0.157764867417809,-0.067144117477737)  (0.452958732206763,-0.003387974506718)  (0.222280014218210,-0.397842467236989)  (0.289933760880703,-0.842703873495723)
 (-0.542685766570969,0.445322010116763)   (0.811068211544421,0.000000000000000)  (-0.074880284969897,0.035447056953074)  (0.554590640237201,-0.074136238145276)  (-0.139403700446546,0.023438057348861)   (0.223686279785667,0.373375748913068) (-0.069928340181790,-0.005751094208972)
(-0.623685823873247,-0.644623471383913) (-0.074880284969897,-0.035447056953074)   (0.096075467974421,0.000000000000000)   (0.323095632291070,0.291905963811281)  (-0.033081834710751,0.145702315265769)  (0.378857371427420,-0.243518704235199)  (-0.065522804906199,0.256757002169621)
  (0.157764867417809,0.067144117477737)   (0.554590640237201,0.074136238145276)  (0.323095632291070,-0.291905963811281)   (0.000938340674170,0.000000000000000)  (0.704506701294029,-0.123049139712537)  (0.432406709947515,-0.178359931439919)  (-0.888703457955160,0.306458309441661)
  (0.452958732206763,0.003387974506718) (-0.139403700446546,-0.023438057348861) (-0.033081834710751,-0.145702315265769)   (0.704506701294029,0.123049139712537)  (-0.696601154985841,0.000000000000000)   (0.186904036101738,0.477937922298740)   (0.694528942115793,0.710215179566077)
  (0.222280014218210,0.397842467236989)  (0.223686279785667,-0.373375748913068)   (0.378857371427420,0.243518704235199)   (0.432406709947515,0.178359931439919)  (0.186904036101738,-0.477937922298740)  (-0.078762317116264,0.000000000000000)  (0.553428898089291,-0.157916580311504)
  (0.289933760880703,0.842703873495723)  (-0.069928340181790,0.005751094208972) (-0.065522804906199,-0.256757002169621) (-0.888703457955160,-0.306458309441661)  (0.694528942115793,-0.710215179566077)   (0.553428898089291,0.157916580311504)   (0.172330604376785,0.000000000000000)
  (0.132286151535372,0.000000000000000) (-0.496166415150652,-0.054799402560257)  (-0.269162777059363,0.271942393533588)   (0.221637652385432,0.390190825048963)  (0.283294420521909,-0.109471222468117) (-0.301154336123469,-0.302859963923669)   (0.072627730179617,0.000951567557711)
 (-0.496166415150652,0.054799402560257)   (0.118391626961926,0.000000000000000) (-0.304489636938026,-0.187050833599268)   (0.093196913928840,0.003176115659569)  (0.010523595865205,-0.495961571943944)   (0.008530841191634,0.300033906567718)  (-0.005461508881215,0.488222976109351)
(-0.269162777059363,-0.271942393533588)  (-0.304489636938026,0.187050833599268)  (-0.719798832498009,0.000000000000000)  (-0.355144819664932,0.701623337472868)   (0.086145107566321,0.323067015986182)   (0.063711056536551,0.586655455976594) (-0.544540928663712,-0.237289379135730)
 (0.221637652385432,-0.390190825048963)  (0.093196913928840,-0.003176115659569) (-0.355144819664932,-0.701623337472868)   (0.065261120447500,0.000000000000000) (-0.222241325471178,-0.577201380109557) (-0.018185304969102,-0.388317987327795)  (-0.308859042546165,0.256894519387793)
  (0.283294420521909,0.109471222468117)   (0.010523595865205,0.495961571943944)  (0.086145107566321,-0.323067015986182)  (-0.222241325471178,0.577201380109557)  (-0.043695085547407,0.000000000000000)  (-0.024394821267795,0.225572374815321)  (0.279676713775672,-0.087894813586225)
 (-0.301154336123469,0.302859963923669)  (0.008530841191634,-0.300033906567718)  (0.063711056536551,-0.586655455976594)  (-0.018185304969102,0.388317987327795) (-0.024394821267795,-0.225572374815321)   (0.353435977310356,0.000000000000000)   (0.257424886000843,0.799582422995928)
 (0.072627730179617,-0.000951567557711) (-0.005461508881215,-0.488222976109351)  (-0.544540928663712,0.237289379135730) (-0.308859042546165,-0.256894519387793)   (0.279676713775672,0.087894813586225)  (0.257424886000843,-0.799582422995928)   (0.094119041790262,0.000000000000000)
  (0.801370275664307,0.000000000000000)   (0.050297140557030,0.191409406983342)   (0.174002623910547,0.359937023513364)   (0.503926147873387,0.419479798790475) (-0.124711526055153,-0.112991830693314)  (0.082073370612778,-0.010489060170240)   (0.046334663995580,0.232492831230750)
 (0.050297140557030,-0.191409406983342)   (0.719757339744300,0.000000000000000)   (0.554384773891464,0.239305917020990)  (0.196189796887420,-0.226190536359597)   (0.029823430292229,0.580107783706602) (-0.395032491637234,-0.082426618943733) (-0.561318427826169,-0.120038406076714)
 (0.174002623910547,-0.359937023513364)  (0.554384773891464,-0.239305917020990)   (0.458608808518810,0.000000000000000)  (-0.257108471184443,0.458703173083428)  (-0.248006471303694,0.139408052173666)  (-0.114342483609980,0.478882153247034) (-0.387004411890041,-0.411784009264430)
 (0.503926147873387,-0.419479798790475)   (0.196189796887420,0.226190536359597) (-0.257108471184443,-0.458703173083428)  (-0.435473688802037,0.000000000000000) (-0.164335985226768,-0.224597555806823)   (0.442269993136110,0.373448608461373) (-0.028904865863746,-0.618567599733537)
 (-0.124711526055153,0.112991830693314)  (0.029823430292229,-0.580107783706602) (-0.248006471303694,-0.139408052173666)  (-0.164335985226768,0.224597555806823)  (-0.705426490814191,0.000000000000000)  (0.377289885094297,-0.055496396714544)   (0.363715506246321,0.118537821738251)
  (0.082073370612778,0.010489060170240)  (-0.395032491637234,0.082426618943733) (-0.114342483609980,-0.478882153247034)  (0.442269993136110,-0.373448608461373)   (0.377289885094297,0.055496396714544)  (-0.193812613769989,0.000000000000000)   (0.627501051939178,0.613268384076512)
 (0.046334663995580,-0.232492831230750)  (-0.561318427826169,0.120038406076714)  (-0.387004411890041,0.411784009264430)  (-0.028904865863746,0.618567599733537)  (0.363715506246321,-0.118537821738251)  (0.627501051939178,-0.613268384076512)  (-0.645023630541199,0.000000000000000)
  (0.298391587350318,0.000000000000000)   (0.117491869974092,0.012032773778043) (-0.626743595045422,-0.158511775819880) (-0.209194331763553,-0.441950589546731)  (0.391658016414237,-0.062807254613174)  (-0.141396809967998,0.601808257309878) (-0.641275769603370,-0.119993175253646)
 (0.117491869974092,-0.012032773778043)  (-0.231401858549698,0.000000000000000)   (0.027021703226329,0.029845347096698)   (0.095897297897670,0.288960702452784)  (-0.618982088391734,0.351555814156955)  (-0.063196998623150,0.474281943572047)   (0.987526264588014,0.136082279060554)
 (-0.626743595045422,0.158511775819880)  (0.027021703226329,-0.029845347096698)   (0.180976708730477,0.000000000000000)   (0.199522520449426,0.613597237725698)  (-0.421648183174208,0.209128816931414)  (-0.025182907399839,0.098609830577700) (-0.124639482823251,-0.517084264356096)
 (-0.209194331763553,0.441950589546731)  (0.095897297897670,-0.288960702452784)  (0.199522520449426,-0.613597237725698)   (0.783664427338340,0.000000000000000)  (0.002099557628042,-0.546402265618213) (-0.198222688839114,-0.001478628680496)   (0.244609454345136,0.842233008319666)
  (0.391658016414237,0.062807254613174) (-0.618982088391734,-0.351555814156955) (-0.421648183174208,-0.209128816931414)   (0.002099557628042,0.546402265618213)  (-0.322985674679618,0.000000000000000) (-0.076816526195701,-0.297030976160092)  (0.953824077248219,-0.234528989769052)
(-0.141396809967998,-0.601808257309878) (-0.063196998623150,-0.474281943572047) (-0.025182907399839,-0.098609830577700)  (-0.198222688839114,0.001478628680496)  (-0.076816526195701,0.297030976160092)  (-0.663688863557196,0.000000000000000)  (0.099894710621161,-0.052228833306473)
 (-0.641275769603370,0.119993175253646)  (0.987526264588014,-0.136082279060554)  (-0.124639482823251,0.517084264356096)  (0.244609454345136,-0.842233008319666)   (0.953824077248219,0.234528989769052)   (0.099894710621161,0.052228833306473)  (-0.044956326632623,0.000000000000000)
  (0.411591074115975,0.000000000000000) (-0.117218293706907,-0.052825499548155) (-0.162689184867537,-0.156075625730642)  (-1.064279236985733,0.348604961292288)  (0.155219297013070,-0.350010545108819)  (0.287964251971930,-0.350489998409708) (-0.039798124216374,-0.720822697508693)
 (-0.117218293706907,0.052825499548155)  (-0.102779074809007,0.000000000000000)  (-0.088235498354016,0.731213086456133)   (0.190018466875977,0.203525278168948)   (0.196376089849957,0.387767336182352)  (0.105984694874195,-0.498630592353548)  (-0.163737329446266,0.413445589800624)
 (-0.162689184867537,0.156075625730642) (-0.088235498354016,-0.731213086456133)  (-0.115858577374956,0.000000000000000)  (-0.459402742746781,0.368871466159432)  (-0.250347177425245,0.566883174973758) (-0.221381210788498,-0.299344760816309)  (1.159255032617489,-0.664064825872905)
(-1.064279236985733,-0.348604961292288)  (0.190018466875977,-0.203525278168948) (-0.459402742746781,-0.368871466159432)  (-1.015404835639929,0.000000000000000)   (0.623744482117640,0.613115470087477)  (0.168291249663174,-0.018382853626708)  (-0.808213130243285,0.404534761908099)
  (0.155219297013070,0.350010545108819)  (0.196376089849957,-0.387767336182352) (-0.250347177425245,-0.566883174973758)  (0.623744482117640,-0.613115470087477)   (0.802377576078349,0.000000000000000)   (0.230035031536090,0.019740031161933)   (0.389584722881163,0.189067078822718)
  (0.287964251971930,0.350489998409708)   (0.105984694874195,0.498630592353548)  (-0.221381210788498,0.299344760816309)   (0.168291249663174,0.018382853626708)  (0.230035031536090,-0.019740031161933)   (0.589958409049395,0.000000000000000)  (0.291546125979615,-0.740931308271468)
 (-0.039798124216374,0.720822697508693) (-0.163737329446266,-0.413445589800624)   (1.159255032617489,0.664064825872905) (-0.808213130243285,-0.404534761908099)  (0.389584722881163,-0.189067078822718)   (0.291546125979615,0.740931308271468)  (-0.569884571419826,0.000000000000000)
  (0.567010349869436,0.000000000000000)  (-0.790257712526436,0.110015656932153)   (0.186333654613591,0.212216726484762)   (0.327726965203626,0.116987308029981)  (-0.136069241494102,0.617237420467604)  (-0.081727315428027,0.103821778032475)  (0.310437086274746,-0.011956710706296)
(-0.790257712526436,-0.110015656932153)  (-0.375613150290956,0.000000000000000)   (0.574933663341595,0.321238050731516)  (-0.384812728111888,0.614449196004095)  (0.556582892264262,-0.382340147942933) (-0.337660813332571,-0.395409498068446)   (0.216836337689004,0.214819849353357)
 (0.186333654613591,-0.212216726484762)  (0.574933663341595,-0.321238050731516)  (-0.071654632799187,0.000000000000000)  (-0.116563024289909,0.528038999693116)  (-0.040454104196991,0.007672999565484)  (-0.221189601974904,0.093783435266778)  (-0.209791076822033,0.485297579123309)
 (0.327726965203626,-0.116987308029981) (-0.384812728111888,-0.614449196004095) (-0.116563024289909,-0.528038999693116)  (-0.511488434519179,0.000000000000000)  (-0.442363608938822,0.206289944002096)  (-0.436359980427183,0.248148715581955)   (0.200582958369995,0.141625158747617)
(-0.136069241494102,-0.617237420467604)   (0.556582892264262,0.382340147942933) (-0.040454104196991,-0.007672999565484) (-0.442363608938822,-0.206289944002096)   (0.102146619870958,0.000000000000000)   (0.267645273436969,0.290047481299190)  (-0.162198071116212,0.348931276398308)
(-0.081727315428027,-0.103821778032475)  (-0.337660813332571,0.395409498068446) (-0.221189601974904,-0.093783435266778) (-0.436359980427183,-0.248148715581955)  (0.267645273436969,-0.290047481299190)   (0.126320820985608,0.000000000000000) (-0.586801853429912,-0.649921016382280)
  (0.310437086274746,0.011956710706296)  (0.216836337689004,-0.214819849353357) (-0.209791076822033,-0.485297579123309)  (0.200582958369995,-0.141625158747617) (-0.162198071116212,-0.348931276398308)  (-0.586801853429912,0.649921016382280)   (0.163278426883320,0.000000000000000)
