 2207.577165187350147 -6303.168166914837457
-6303.168166914837457 -2207.577165187350147
-5218.603068526198513 14901.914660329204708
14901.914660329204708  5218.603068526198513
  628.797451765520236 -1795.727014892534271
-1795.727014892534271  -628.797451765520236
-982.302036231821944 2805.030029594903226
2805.030029594903226  982.302036231821944
 196.860091794576277 -563.074783482879639
-563.074783482879639 -196.860091794576277
-1766.113964098052747  5041.924042045024180
 5041.924042045024180  1766.113964098052747
  93.641772927079018 -267.773938421639514
-267.773938421639514  -93.641772927079018
  878.367857356970489 -2507.994141533052243
-2507.994141533052243  -878.367857356970489
-2052.783667569593945  5861.641648908978823
 5861.641648908978823  2052.783667569593945
