 0.015585374841804  0.035259132411383  0.011000757375040
 0.035259132411383 -0.042211477638040 -0.013955268198250
 0.011000757375040 -0.013955268198250  0.026626104551895
 0.023217232550232  0.036560632334834 -0.022752499360292
 0.036560632334834  0.044960739464624 -0.000522385854918
-0.022752499360292 -0.000522385854918 -0.068177958763196
-0.058008702719052 -0.054362180060021  0.016685666273036
-0.054362180060021  0.023377345636757  0.047688890382581
 0.016685666273036  0.047688890382581  0.034631340558101
 0.009907004161182 -0.063409036317009 -0.032330873096358
-0.063409036317009  0.042835489684927 -0.010611181463917
-0.032330873096358 -0.010611181463917 -0.052742491955552
-0.009898418060894 -0.001029408524264 -0.015716628018817
-0.001029408524264  0.043635440552135  0.017736331962061
-0.015716628018817  0.017736331962061 -0.033737019503088
-0.016289362188514 -0.024483886374989 -0.018250778952227
-0.024483886374989 -0.000674128881199  0.006038694697788
-0.018250778952227  0.006038694697788  0.016963487810147
 0.021112131420920  0.054920170253486 -0.000086939054573
 0.054920170253486 -0.024939611960449 -0.015742868281182
-0.000086939054573 -0.015742868281182  0.003827488436112
-0.001142580618568  0.020015183334675 -0.026407230765942
 0.020015183334675  0.029925068311059  0.006610919788611
-0.026407230765942  0.006610919788611 -0.028782480266452
 0.032378056368394  0.039087956979059 -0.052707193885354
 0.039087956979059 -0.054707140731547 -0.049984330944529
-0.052707193885354 -0.049984330944529  0.022329097969821
