 (-0.185905960679543,0.000000000000000) (-0.080056918106913,-0.049514118578673) (-0.043413380551852,-0.056276367009447)   (0.024892679107347,0.083606879149178)  (0.014688426265779,-0.102333500078659)  (0.014012133418140,-0.036362527727464)  (0.127167546517986,-0.057805416977502)   (0.216091942240315,0.021328838576886)  (-0.181450955080915,0.158415529519246)
 (-0.080056918106913,0.049514118578673)  (-0.090482946032783,0.000000000000000)  (0.072934284851973,-0.047065044968605) (-0.016087694024406,-0.000583251594309)  (-0.180134550089285,0.072392785195959)  (0.067709714571651,-0.067804928496705) (-0.093713122741187,-0.075226868467216)   (0.155467305022437,0.192843932768423)   (0.153879648603079,0.108991893901126)
 (-0.043413380551852,0.056276367009447)   (0.072934284851973,0.047065044968605)   (0.013704484474552,0.000000000000000) (-0.056794625820069,-0.094500033792931)  (0.089780260437318,-0.120886994519332)  (-0.115142889253235,0.137902293319921)   (0.067529030689479,0.052069624053814)  (-0.092862810611081,0.002960453788501) (-0.132621808241992,-0.169032561802142)
 (0.024892679107347,-0.083606879149178)  (-0.016087694024406,0.000583251594309)  (-0.056794625820069,0.094500033792931)  (-0.052450800024682,0.000000000000000)  (-0.026044155948201,0.062790279319388) (-0.039070430540783,-0.067103887039398)   (0.083303727208837,0.058913769485899)   (0.036478513190543,0.084127170885895) (-0.047130264217177,-0.028782170104473)
  (0.014688426265779,0.102333500078659) (-0.180134550089285,-0.072392785195959)   (0.089780260437318,0.120886994519332) (-0.026044155948201,-0.062790279319388)   (0.168101689299265,0.000000000000000)   (0.153872164808696,0.013886867948675)  (0.018821555785950,-0.042854153182023)  (0.085062876899860,-0.185876953993251) (-0.086978674828133,-0.115105284799182)
  (0.014012133418140,0.036362527727464)   (0.067709714571651,0.067804928496705) (-0.115142889253235,-0.137902293319921)  (-0.039070430540783,0.067103887039398)  (0.153872164808696,-0.013886867948675)   (0.025541126336305,0.000000000000000)  (0.124125766559213,-0.113180254094421)   (0.003941692126435,0.031809927848943)  (-0.044429544620231,0.009508208851201)
  (0.127167546517986,0.057805416977502)  (-0.093713122741187,0.075226868467216)  (0.067529030689479,-0.052069624053814)  (0.083303727208837,-0.058913769485899)   (0.018821555785950,0.042854153182023)   (0.124125766559213,0.113180254094421)  (-0.174726585047216,0.000000000000000)  (-0.001360182063930,0.001360341274333)   (0.038256651812393,0.087400188590958)
 (0.216091942240315,-0.021328838576886)  (0.155467305022437,-0.192843932768423) (-0.092862810611081,-0.002960453788501)  (0.036478513190543,-0.084127170885895)   (0.085062876899860,0.185876953993251)  (0.003941692126435,-0.031809927848943) (-0.001360182063930,-0.001360341274333)   (0.085977508393822,0.000000000000000)  (-0.196424696422295,0.002252500322992)
(-0.181450955080915,-0.158415529519246)  (0.153879648603079,-0.108991893901126)  (-0.132621808241992,0.169032561802142)  (-0.047130264217177,0.028782170104473)  (-0.086978674828133,0.115105284799182) (-0.044429544620231,-0.009508208851201)  (0.038256651812393,-0.087400188590958) (-0.196424696422295,-0.002252500322992)  (0.210241483280280,-0.000000000000000)
  (0.047086085670011,0.000000000000000)   (0.023416425252391,0.114489327800341)  (-0.015613355870172,0.100642898199127)  (0.093646780612534,-0.006935319458825)  (-0.001557294490991,0.035941791301718)  (0.054114227314920,-0.087681603012025) (-0.141349263297436,-0.019934906347192) (-0.009505080943558,-0.067246538801891)  (0.032162592786226,-0.153834532456782)
 (0.023416425252391,-0.114489327800341)  (-0.152247809560359,0.000000000000000) (-0.042454630151658,-0.043957036958068) (-0.046089333890264,-0.045547321482747)  (0.011008427817309,-0.059626171477080)  (0.084053416384875,-0.052936479938253)  (-0.062797242532426,0.139487229685378)  (0.030662168907831,-0.069115048845195)   (0.056018813153944,0.101549657859733)
(-0.015613355870172,-0.100642898199127)  (-0.042454630151658,0.043957036958068)   (0.017591228060397,0.000000000000000)  (-0.004967441239281,0.044098673779974) (-0.109610864136439,-0.083592407201651)  (-0.035942996963076,0.086367405887615)  (0.082490236780719,-0.023586618632669)   (0.185433985352301,0.034638297219765) (-0.088652985468828,-0.089397346219072)
  (0.093646780612534,0.006935319458825)  (-0.046089333890264,0.045547321482747) (-0.004967441239281,-0.044098673779974)   (0.003238032741206,0.000000000000000)  (-0.023042803885091,0.048265985446978)  (-0.193319543928983,0.014121800738009)  (-0.134886158295938,0.000830449484566)   (0.016003847112756,0.074002619732149) (-0.119070795556540,-0.008071755309508)
(-0.001557294490991,-0.035941791301718)   (0.011008427817309,0.059626171477080)  (-0.109610864136439,0.083592407201651) (-0.023042803885091,-0.048265985446978)  (-0.144660890644482,0.000000000000000) (-0.091601671588737,-0.037479092514225)   (0.113941655343796,0.070786873539846)  (-0.129792579551132,0.062864520292914) (-0.129378612785660,-0.100501404032238)
  (0.054114227314920,0.087681603012025)   (0.084053416384875,0.052936479938253) (-0.035942996963076,-0.086367405887615) (-0.193319543928983,-0.014121800738009)  (-0.091601671588737,0.037479092514225)  (-0.182828911583839,0.000000000000000) (-0.107875940399639,-0.066089634656090) (-0.046906075325599,-0.142712839949339)  (0.092058927051161,-0.026752452629670)
 (-0.141349263297436,0.019934906347192) (-0.062797242532426,-0.139487229685378)   (0.082490236780719,0.023586618632669) (-0.134886158295938,-0.000830449484566)  (0.113941655343796,-0.070786873539846)  (-0.107875940399639,0.066089634656090)  (-0.024652947920165,0.000000000000000)  (0.009672260099956,-0.045712411298602)  (0.072737331537908,-0.108635021347246)
 (-0.009505080943558,0.067246538801891)   (0.030662168907831,0.069115048845195)  (0.185433985352301,-0.034638297219765)  (0.016003847112756,-0.074002619732149) (-0.129792579551132,-0.062864520292914)  (-0.046906075325599,0.142712839949339)   (0.009672260099956,0.045712411298602)   (0.013775558973648,0.000000000000000) (-0.128619189058639,-0.017664101744959)
  (0.032162592786226,0.153834532456782)  (0.056018813153944,-0.101549657859733)  (-0.088652985468828,0.089397346219072)  (-0.119070795556540,0.008071755309508)  (-0.129378612785660,0.100501404032238)   (0.092058927051161,0.026752452629670)   (0.072737331537908,0.108635021347246)  (-0.128619189058639,0.017664101744959)  (0.422699654263582,-0.000000000000000)
  (0.006688799017225,0.000000000000000) (-0.033576452395650,-0.039339504280298)  (-0.025287850949658,0.160793718672317)  (0.046773194447290,-0.038458143769381)  (0.004147033305449,-0.012615303387758)   (0.034175357582880,0.079691926453230)   (0.029142295132723,0.018055271537755)  (0.031925194431974,-0.091891415246056)   (0.042100108385042,0.024588503664279)
 (-0.033576452395650,0.039339504280298)   (0.045639606270731,0.000000000000000)  (-0.189995828069687,0.025106054300297)  (-0.018906534221611,0.019456472323788) (-0.157012180124370,-0.050192083327475) (-0.086200648986775,-0.079748459530192)   (0.124498321888426,0.026091203838635) (-0.062484971132775,-0.079543946265758)  (0.075418292791068,-0.095952889756800)
(-0.025287850949658,-0.160793718672317) (-0.189995828069687,-0.025106054300297)  (-0.048742527822543,0.000000000000000)  (0.020946007461024,-0.102248798486763)  (0.116295564350159,-0.063194833896887)  (-0.181298286957530,0.000755591523964)  (-0.158252014671834,0.077050840901751) (-0.037617819671235,-0.035553274886316) (-0.040277394898317,-0.021422107334979)
  (0.046773194447290,0.038458143769381) (-0.018906534221611,-0.019456472323788)   (0.020946007461024,0.102248798486763)  (-0.036923737088160,0.000000000000000)  (0.010834220834203,-0.012816261870295) (-0.115812111231679,-0.100489374422799)  (-0.236236423012511,0.048739359789061)  (-0.017740628633135,0.019297497381499)  (-0.110980244847921,0.003407741634943)
  (0.004147033305449,0.012615303387758)  (-0.157012180124370,0.050192083327475)   (0.116295564350159,0.063194833896887)   (0.010834220834203,0.012816261870295)   (0.025522305688427,0.000000000000000)   (0.070066858176528,0.063574056906533)  (-0.128288996613644,0.018906071540117)  (0.114859291994980,-0.068582057258750)   (0.088684379517369,0.024010860940465)
 (0.034175357582880,-0.079691926453230)  (-0.086200648986775,0.079748459530192) (-0.181298286957530,-0.000755591523964)  (-0.115812111231679,0.100489374422799)  (0.070066858176528,-0.063574056906533)  (-0.202557424782583,0.000000000000000) (-0.096968750149127,-0.064312576480387)   (0.066443823843346,0.031510368378943)  (0.035690989195619,-0.097961754051792)
 (0.029142295132723,-0.018055271537755)  (0.124498321888426,-0.026091203838635) (-0.158252014671834,-0.077050840901751) (-0.236236423012511,-0.048739359789061) (-0.128288996613644,-0.018906071540117)  (-0.096968750149127,0.064312576480387)  (-0.124684898537773,0.000000000000000)  (-0.017586917649519,0.058531590722156) (-0.010332460132341,-0.188984419834170)
  (0.031925194431974,0.091891415246056)  (-0.062484971132775,0.079543946265758)  (-0.037617819671235,0.035553274886316) (-0.017740628633135,-0.019297497381499)   (0.114859291994980,0.068582057258750)  (0.066443823843346,-0.031510368378943) (-0.017586917649519,-0.058531590722156)   (0.074929147504683,0.000000000000000) (-0.013550589526679,-0.012838597795754)
 (0.042100108385042,-0.024588503664279)   (0.075418292791068,0.095952889756800)  (-0.040277394898317,0.021422107334979) (-0.110980244847921,-0.003407741634943)  (0.088684379517369,-0.024010860940465)   (0.035690989195619,0.097961754051792)  (-0.010332460132341,0.188984419834170)  (-0.013550589526679,0.012838597795754)  (0.260128729749993,-0.000000000000000)
 (-0.123635979358659,0.000000000000000) (-0.044558322055714,-0.163847152255286) (-0.035022024166931,-0.159291097294616) (-0.012704918206196,-0.073704929968665)   (0.164504175268794,0.148246699623061)  (0.115824597368560,-0.037667305375192)  (-0.132547036495031,0.131985207151175)  (0.004080653259159,-0.063167392162924) (-0.080715886909385,-0.057160616695611)
 (-0.044558322055714,0.163847152255286)  (-0.060169110788461,0.000000000000000)   (0.087556248954598,0.122888304192356)   (0.033693764670204,0.028868135857582)  (-0.006123367141088,0.002489729526698)   (0.133611297646272,0.017163387400247)  (0.140121562777380,-0.081398340298031)  (-0.039270122245920,0.037814828488243)   (0.098957310969130,0.030991898672992)
 (-0.035022024166931,0.159291097294616)  (0.087556248954598,-0.122888304192356)   (0.172400380924213,0.000000000000000)  (0.033956882301408,-0.141721330775924) (-0.002039990345726,-0.027942723815190)  (-0.110529974992591,0.092830770281364)  (-0.063790762767478,0.059141478093113)   (0.026185259755999,0.126808763561969)  (0.010051753567907,-0.192336441156270)
 (-0.012704918206196,0.073704929968665)  (0.033693764670204,-0.028868135857582)   (0.033956882301408,0.141721330775924)   (0.137554622512623,0.000000000000000)   (0.058837456710519,0.000325030885633)  (0.009790828609197,-0.094666632537759) (-0.014140203424402,-0.014694377545409)  (-0.013957814270662,0.096544594228545) (-0.037492658133370,-0.048367113033524)
 (0.164504175268794,-0.148246699623061) (-0.006123367141088,-0.002489729526698)  (-0.002039990345726,0.027942723815190)  (0.058837456710519,-0.000325030885633)   (0.199021333875379,0.000000000000000)  (-0.003492787769612,0.141395598298910)   (0.008308131722045,0.107938324637186)   (0.052032037444541,0.068287250338047)  (0.088778195899155,-0.050947376986299)
  (0.115824597368560,0.037667305375192)  (0.133611297646272,-0.017163387400247) (-0.110529974992591,-0.092830770281364)   (0.009790828609197,0.094666632537759) (-0.003492787769612,-0.141395598298910)  (-0.050709103064701,0.000000000000000)  (-0.018197852383539,0.007428826777155)  (0.080249895135572,-0.130150006743273) (-0.027608044799443,-0.030518399956791)
(-0.132547036495031,-0.131985207151175)   (0.140121562777380,0.081398340298031) (-0.063790762767478,-0.059141478093113)  (-0.014140203424402,0.014694377545409)  (0.008308131722045,-0.107938324637186) (-0.018197852383539,-0.007428826777155)   (0.027010723460454,0.000000000000000)  (0.044875438321749,-0.072378597868864)  (-0.028666047334592,0.111952070642013)
  (0.004080653259159,0.063167392162924) (-0.039270122245920,-0.037814828488243)  (0.026185259755999,-0.126808763561969) (-0.013957814270662,-0.096544594228545)  (0.052032037444541,-0.068287250338047)   (0.080249895135572,0.130150006743273)   (0.044875438321749,0.072378597868864)   (0.036053520401877,0.000000000000000)   (0.005265235772521,0.164960940495893)
 (-0.080715886909385,0.057160616695611)  (0.098957310969130,-0.030991898672992)   (0.010051753567907,0.192336441156270)  (-0.037492658133370,0.048367113033524)   (0.088778195899155,0.050947376986299)  (-0.027608044799443,0.030518399956791) (-0.028666047334592,-0.111952070642013)  (0.005265235772521,-0.164960940495893) (-0.337526387962724,-0.000000000000000)
  (0.039225437210183,0.000000000000000)  (-0.006750411877337,0.024330128013826) (-0.047474807754388,-0.040501930662933)  (0.067537728580193,-0.106339090807594)  (0.162387562436386,-0.008824497130853) (-0.090467605175878,-0.129382498087336)   (0.064881699074675,0.075959872662855)   (0.067824717722717,0.042136774951731) (-0.034330743820535,-0.060653549565292)
(-0.006750411877337,-0.024330128013826)  (-0.016111156818573,0.000000000000000)  (-0.103285032184840,0.021139487121189)   (0.148028653640566,0.099509078805086)   (0.028292282173892,0.077565420785177)  (-0.059596206658708,0.132700365343107)  (-0.104530896405953,0.166139835359247)  (-0.077617032791481,0.003361175711894)  (-0.031732549436866,0.069830171892279)
 (-0.047474807754388,0.040501930662933) (-0.103285032184840,-0.021139487121189)  (-0.135507156608828,0.000000000000000)  (-0.188915172231987,0.080637749756201)   (0.082898139597124,0.056838567078417)  (-0.076034753571917,0.094067603503718) (-0.001318512564887,-0.060666823676296)  (-0.142499876570901,0.154599008211470)  (0.182493479484927,-0.048637326851564)
  (0.067537728580193,0.106339090807594)  (0.148028653640566,-0.099509078805086) (-0.188915172231987,-0.080637749756201)  (-0.142660557337863,0.000000000000000)  (-0.029039838357578,0.074152790667875)  (-0.042692051575582,0.022300756539697) (-0.059437795753622,-0.110975620249512)  (-0.034732980947442,0.004345232862017) (-0.006181624149188,-0.019071689859345)
  (0.162387562436386,0.008824497130853)  (0.028292282173892,-0.077565420785177)  (0.082898139597124,-0.056838567078417) (-0.029039838357578,-0.074152790667875)   (0.034627514915910,0.000000000000000)  (0.090936880950442,-0.009952092766411)  (0.021986693479315,-0.047724422124777) (-0.030007447765676,-0.113249183281941)  (0.003483196707858,-0.112571517922310)
 (-0.090467605175878,0.129382498087336) (-0.059596206658708,-0.132700365343107) (-0.076034753571917,-0.094067603503718) (-0.042692051575582,-0.022300756539697)   (0.090936880950442,0.009952092766411)  (-0.128634031447493,0.000000000000000)   (0.038527945588216,0.073717168171385)  (0.257340518870987,-0.006757675506060)  (-0.005779582514781,0.006514038502296)
 (0.064881699074675,-0.075959872662855) (-0.104530896405953,-0.166139835359247)  (-0.001318512564887,0.060666823676296)  (-0.059437795753622,0.110975620249512)   (0.021986693479315,0.047724422124777)  (0.038527945588216,-0.073717168171385)  (-0.083420243326301,0.000000000000000)  (0.033192248788410,-0.104841458062268)  (-0.144449890435287,0.159728244728361)
 (0.067824717722717,-0.042136774951731) (-0.077617032791481,-0.003361175711894) (-0.142499876570901,-0.154599008211470) (-0.034732980947442,-0.004345232862017)  (-0.030007447765676,0.113249183281941)   (0.257340518870987,0.006757675506060)   (0.033192248788410,0.104841458062268)  (-0.205927135526629,0.000000000000000)  (-0.079841587169590,0.165783887012980)
 (-0.034330743820535,0.060653549565292) (-0.031732549436866,-0.069830171892279)   (0.182493479484927,0.048637326851564)  (-0.006181624149188,0.019071689859345)   (0.003483196707858,0.112571517922310) (-0.005779582514781,-0.006514038502296) (-0.144449890435287,-0.159728244728361) (-0.079841587169590,-0.165783887012980)  (0.638407328939594,-0.000000000000000)
 (-0.093733406402596,0.000000000000000)   (0.207375594405900,0.079293413909815)   (0.008249578505946,0.182586742009119)   (0.051206511453972,0.025245050656906)  (-0.081071076345656,0.021475652544398)   (0.058402061225393,0.119117430723832) (-0.116800210125267,-0.017601555116203) (-0.061530527373400,-0.043873393689426) (-0.094039261958043,-0.067092241992361)
 (0.207375594405900,-0.079293413909815)  (-0.122354882596964,0.000000000000000) (-0.021599023959032,-0.190295617103076)  (0.025527215833589,-0.061068925209778)   (0.063912178792278,0.048973357835466) (-0.012167873460872,-0.014213634477822) (-0.012604999266660,-0.084350435465156)   (0.096951563289817,0.000266814241139)  (0.136251454306366,-0.075802790622686)
 (0.008249578505946,-0.182586742009119)  (-0.021599023959032,0.190295617103076)   (0.038549811845404,0.000000000000000)   (0.085291464260871,0.122842772387536)  (-0.028286424074612,0.006854263601835)  (-0.152529229735426,0.104864895873321)  (-0.067247452072092,0.087650902806611)   (0.097364419874366,0.084246381050334) (-0.086760114370977,-0.087862869111111)
 (0.051206511453972,-0.025245050656906)   (0.025527215833589,0.061068925209778)  (0.085291464260871,-0.122842772387536)  (-0.018458698262331,0.000000000000000) (-0.116085004536781,-0.015958268894888) (-0.080507249245784,-0.048890005092852) (-0.090245408774764,-0.026865553826246)  (0.026696150637601,-0.079155235742894)  (0.013074593256500,-0.036507056434872)
(-0.081071076345656,-0.021475652544398)  (0.063912178792278,-0.048973357835466) (-0.028286424074612,-0.006854263601835)  (-0.116085004536781,0.015958268894888)  (-0.033270438025646,0.000000000000000)   (0.014356460561926,0.017768653843601) (-0.019954458278665,-0.059124809267179)   (0.012415097499327,0.158018102011227)  (-0.169331339746873,0.263642316273505)
 (0.058402061225393,-0.119117430723832)  (-0.012167873460872,0.014213634477822) (-0.152529229735426,-0.104864895873321)  (-0.080507249245784,0.048890005092852)  (0.014356460561926,-0.017768653843601)  (-0.085257519577194,0.000000000000000)  (0.075422672550238,-0.147704513458182) (-0.057587649250850,-0.002138025083252)  (0.007005254748074,-0.145165780322970)
 (-0.116800210125267,0.017601555116203)  (-0.012604999266660,0.084350435465156) (-0.067247452072092,-0.087650902806611)  (-0.090245408774764,0.026865553826246)  (-0.019954458278665,0.059124809267179)   (0.075422672550238,0.147704513458182)   (0.008446867370564,0.000000000000000)   (0.048203161668858,0.016470505335237)  (-0.037542741994927,0.095812084240994)
 (-0.061530527373400,0.043873393689426)  (0.096951563289817,-0.000266814241139)  (0.097364419874366,-0.084246381050334)   (0.026696150637601,0.079155235742894)  (0.012415097499327,-0.158018102011227)  (-0.057587649250850,0.002138025083252)  (0.048203161668858,-0.016470505335237)   (0.008339080429356,0.000000000000000)  (0.118600346463714,-0.082378813235459)
 (-0.094039261958043,0.067092241992361)   (0.136251454306366,0.075802790622686)  (-0.086760114370977,0.087862869111111)   (0.013074593256500,0.036507056434872) (-0.169331339746873,-0.263642316273505)   (0.007005254748074,0.145165780322970) (-0.037542741994927,-0.095812084240994)   (0.118600346463714,0.082378813235459)  (0.297739185219407,-0.000000000000000)
 (-0.144729489588813,0.000000000000000)   (0.163829720119114,0.063983672123005) (-0.191076126115147,-0.028561158393494)   (0.041630503336088,0.016728069906748)   (0.089509820965381,0.047242641968716) (-0.009512745906773,-0.024882551216682)  (0.043330285863525,-0.129977157620478)  (-0.022245871532307,0.042201709419434)  (0.073666512491475,-0.055152136773311)
 (0.163829720119114,-0.063983672123005)   (0.099111549692789,0.000000000000000)  (-0.014459253002913,0.079503365078646) (-0.105205721643254,-0.104115473503785)  (-0.078792426451222,0.030904684739959)  (-0.166467684951501,0.019597103465982)  (-0.048479711999841,0.129394596143704) (-0.098173297892263,-0.019388954438440)  (0.050347917288717,-0.031396500472415)
 (-0.191076126115147,0.028561158393494) (-0.014459253002913,-0.079503365078646)   (0.049758280173639,0.000000000000000)  (-0.059505297554871,0.188396515352201)  (0.059183529807971,-0.090447958324520)   (0.090103252236049,0.088152200888391)  (-0.069921805788111,0.086808335211911) (-0.120198621581229,-0.044413458831341) (-0.051313380449585,-0.078246555400858)
 (0.041630503336088,-0.016728069906748)  (-0.105205721643254,0.104115473503785) (-0.059505297554871,-0.188396515352201)   (0.128531450016802,0.000000000000000)  (0.020387652595232,-0.024278427549475)  (-0.029543494872539,0.029487493633968)  (0.046861443132776,-0.030268687546279)  (0.071793545496847,-0.201591834434900)  (-0.007846292389436,0.026000603564578)
 (0.089509820965381,-0.047242641968716) (-0.078792426451222,-0.030904684739959)   (0.059183529807971,0.090447958324520)   (0.020387652595232,0.024278427549475)   (0.072862578731304,0.000000000000000) (-0.053027453840567,-0.009622392391852)  (0.050216791569689,-0.092268400279234)   (0.063873116572144,0.178761743338867)   (0.051409220369354,0.020012402997625)
 (-0.009512745906773,0.024882551216682) (-0.166467684951501,-0.019597103465982)  (0.090103252236049,-0.088152200888391) (-0.029543494872539,-0.029487493633968)  (-0.053027453840567,0.009622392391852)  (-0.058528931034517,0.000000000000000) (-0.087013046551180,-0.076513086339770)   (0.008551972985071,0.076240785224110) (-0.095411647859680,-0.073217431835411)
  (0.043330285863525,0.129977157620478) (-0.048479711999841,-0.129394596143704) (-0.069921805788111,-0.086808335211911)   (0.046861443132776,0.030268687546279)   (0.050216791569689,0.092268400279234)  (-0.087013046551180,0.076513086339770)   (0.080697844853593,0.000000000000000)  (-0.024578792866931,0.000439775381456)   (0.114667084140967,0.051642315105642)
(-0.022245871532307,-0.042201709419434)  (-0.098173297892263,0.019388954438440)  (-0.120198621581229,0.044413458831341)   (0.071793545496847,0.201591834434900)  (0.063873116572144,-0.178761743338867)  (0.008551972985071,-0.076240785224110) (-0.024578792866931,-0.000439775381456)   (0.081733309804418,0.000000000000000) (-0.031927353454968,-0.052168905125313)
  (0.073666512491475,0.055152136773311)   (0.050347917288717,0.031396500472415)  (-0.051313380449585,0.078246555400858) (-0.007846292389436,-0.026000603564578)  (0.051409220369354,-0.020012402997625)  (-0.095411647859680,0.073217431835411)  (0.114667084140967,-0.051642315105642)  (-0.031927353454968,0.052168905125313) (-0.309436592649216,-0.000000000000000)
  (0.087791614837499,0.000000000000000) (-0.076099634286658,-0.004866028896989)  (-0.105961215868815,0.093620870248061)   (0.103327707428131,0.047464302937318)  (0.055310519664211,-0.025974816984951)   (0.053272609103020,0.007797928740501)  (-0.187835016872036,0.066803842405025)   (0.055223585549299,0.124186754135743)  (0.021314553538945,-0.118607610653996)
 (-0.076099634286658,0.004866028896989)   (0.053143740997316,0.000000000000000)   (0.124007310288165,0.032943175202237) (-0.001009398171268,-0.102325497826573)  (-0.029547910349567,0.060374032827830)  (0.124702664570545,-0.004552288864388)  (-0.020176385325951,0.070690538764445) (-0.023445999482630,-0.116497811480594)  (-0.062551378092309,0.086573257947452)
(-0.105961215868815,-0.093620870248061)  (0.124007310288165,-0.032943175202237)  (-0.113664433655760,0.000000000000000)  (0.002836297125838,-0.067592157205334)  (-0.165298763939395,0.033189738351893)  (-0.224888998647927,0.106036357520782)  (-0.112573446910274,0.021113076894694) (-0.006060285440444,-0.007262663557976)  (-0.055850801283483,0.096273350393050)
 (0.103327707428131,-0.047464302937318)  (-0.001009398171268,0.102325497826573)   (0.002836297125838,0.067592157205334)  (-0.001418764108408,0.000000000000000)   (0.045098501176242,0.089609864633786)   (0.109578261506238,0.045961785611665) (-0.102413117629850,-0.005546107082142)  (0.021940701856198,-0.025556377532643)   (0.030334340235782,0.017055657013967)
  (0.055310519664211,0.025974816984951) (-0.029547910349567,-0.060374032827830) (-0.165298763939395,-0.033189738351893)  (0.045098501176242,-0.089609864633786)  (-0.114733703038162,0.000000000000000)   (0.058123196214167,0.038111096516962)  (0.111933783240049,-0.023478935730346)  (0.020089872894483,-0.104684030557657)   (0.013125873948211,0.062142041820510)
 (0.053272609103020,-0.007797928740501)   (0.124702664570545,0.004552288864388) (-0.224888998647927,-0.106036357520782)  (0.109578261506238,-0.045961785611665)  (0.058123196214167,-0.038111096516962)  (-0.044362378261037,0.000000000000000) (-0.056851942028057,-0.104842912606282)  (-0.083516425123083,0.008814251556565)  (-0.064502722504965,0.040668707260008)
(-0.187835016872036,-0.066803842405025) (-0.020176385325951,-0.070690538764445) (-0.112573446910274,-0.021113076894694)  (-0.102413117629850,0.005546107082142)   (0.111933783240049,0.023478935730346)  (-0.056851942028057,0.104842912606282)  (-0.067169826622236,0.000000000000000) (-0.147790798822577,-0.061523616740069)  (0.041397440091845,-0.114550578640490)
 (0.055223585549299,-0.124186754135743)  (-0.023445999482630,0.116497811480594)  (-0.006060285440444,0.007262663557976)   (0.021940701856198,0.025556377532643)   (0.020089872894483,0.104684030557657) (-0.083516425123083,-0.008814251556565)  (-0.147790798822577,0.061523616740069)  (-0.114875695189922,0.000000000000000) (-0.006283230495691,-0.030192774771018)
  (0.021314553538945,0.118607610653996) (-0.062551378092309,-0.086573257947452) (-0.055850801283483,-0.096273350393050)  (0.030334340235782,-0.017055657013967)  (0.013125873948211,-0.062142041820510) (-0.064502722504965,-0.040668707260008)   (0.041397440091845,0.114550578640490)  (-0.006283230495691,0.030192774771018)  (0.315289445040709,-0.000000000000000)
  (0.024816643167889,0.000000000000000) (-0.068898894570236,-0.086233540164955) (-0.042888187402986,-0.096833124970618)   (0.060713653379782,0.046182042483931)  (-0.013548643494961,0.031612894500975)  (0.015891702107480,-0.005980797917317) (-0.053701819423273,-0.017033409084028)   (0.001178670582436,0.113209570375173)  (0.060123154979876,-0.065545159919847)
 (-0.068898894570236,0.086233540164955)   (0.154354288559627,0.000000000000000)  (-0.086343770213619,0.048943299906893)  (-0.061268204485577,0.018141748281168)   (0.004549911828502,0.090627842089776)   (0.052761951711074,0.063496112132479)   (0.098242732507649,0.033840975223982) (-0.009850489803369,-0.056197370358415) (-0.011849207338963,-0.094661936720515)
 (-0.042888187402986,0.096833124970618) (-0.086343770213619,-0.048943299906893)  (-0.071883595373900,0.000000000000000)  (0.018713226609329,-0.058943218420189)  (0.012993563445590,-0.053370572751953)  (0.010968505256703,-0.016441651460825) (-0.060767693284901,-0.198771994600794)  (-0.122782065695030,0.004261697087933)   (0.045707069854281,0.055081660700953)
 (0.060713653379782,-0.046182042483931) (-0.061268204485577,-0.018141748281168)   (0.018713226609329,0.058943218420189)   (0.138180893877462,0.000000000000000)  (0.027313618163235,-0.132654246171537)  (0.115510497770268,-0.073872712921132)  (-0.099498982137905,0.213214293155576)  (-0.051547273024319,0.252232291710400)  (-0.076280620003232,0.007912332709621)
(-0.013548643494961,-0.031612894500975)  (0.004549911828502,-0.090627842089776)   (0.012993563445590,0.053370572751953)   (0.027313618163235,0.132654246171537)  (-0.004452953492018,0.000000000000000)  (-0.208507485933374,0.002480698869481)  (0.001504360722404,-0.027985811287009)   (0.087433595329086,0.077640541123803)  (-0.086781585181668,0.152524615896065)
  (0.015891702107480,0.005980797917317)  (0.052761951711074,-0.063496112132479)   (0.010968505256703,0.016441651460825)   (0.115510497770268,0.073872712921132) (-0.208507485933374,-0.002480698869481)  (-0.067163519451193,0.000000000000000)   (0.052194716644010,0.028816046316674)  (-0.031704195793982,0.138546267916276)  (0.019954063673260,-0.002555841961238)
 (-0.053701819423273,0.017033409084028)  (0.098242732507649,-0.033840975223982)  (-0.060767693284901,0.198771994600794) (-0.099498982137905,-0.213214293155576)   (0.001504360722404,0.027985811287009)  (0.052194716644010,-0.028816046316674)  (-0.034584152312667,0.000000000000000) (-0.141379664906811,-0.017695618976106)  (0.092667744288430,-0.075347684685810)
 (0.001178670582436,-0.113209570375173)  (-0.009850489803369,0.056197370358415) (-0.122782065695030,-0.004261697087933) (-0.051547273024319,-0.252232291710400)  (0.087433595329086,-0.077640541123803) (-0.031704195793982,-0.138546267916276)  (-0.141379664906811,0.017695618976106)   (0.028621013991350,0.000000000000000)  (-0.084467532300946,0.030063930267600)
  (0.060123154979876,0.065545159919847)  (-0.011849207338963,0.094661936720515)  (0.045707069854281,-0.055081660700953) (-0.076280620003232,-0.007912332709621) (-0.086781585181668,-0.152524615896065)   (0.019954063673260,0.002555841961238)   (0.092667744288430,0.075347684685810) (-0.084467532300946,-0.030063930267600) (-0.167888618966549,-0.000000000000000)
