 (-0.024044267352898,0.000000000051242)  (0.052361061292749,-0.121126276705556)   (0.146385448381382,0.016907425986569)  (-0.149518699855811,0.080011845217808)  (-0.017658239658240,0.007596566752706) (-0.089180369819132,-0.080833670531825)   (0.009624125614779,0.158694538345782)  (0.059017435855217,-0.065001092165367)   (0.170681217183156,0.069500674093845)
  (0.052361061255329,0.121126276679695)  (-0.030410956585737,0.000000000010242) (-0.068149161882982,-0.079196804875266)  (0.086702266909362,-0.024328727305921)   (0.010752645944653,0.043017000964948) (-0.024268906598652,-0.036275449684959)  (0.015057550377504,-0.128478421612194) (-0.000221474697995,-0.090020717865637) (-0.014424265367016,-0.094002324410760)
 (0.146385448409708,-0.016907425941400)  (-0.068149161746731,0.079196804836291)   (0.004239944591809,0.000000000059102)   (0.053735992457320,0.001054989388739)  (0.047345446135983,-0.055832905440181)  (-0.047968608735698,0.085522036210885)  (0.102575890588421,-0.009604253005757)  (-0.013964095489744,0.047775775974988) (-0.107141054953162,-0.016160472767258)
(-0.149518699940374,-0.080011845066466)   (0.086702266886129,0.024328727345640)  (0.053735992447817,-0.001054989305427)  (0.039234621534201,-0.000000000066208)   (0.070540410518986,0.059180574791963)   (0.112486310781120,0.004980852366165)  (-0.056338412591052,0.020762930163371)   (0.083566129867814,0.012792446110757)  (0.061249139596001,-0.132797577374841)
(-0.017658239766781,-0.007596566773132)  (0.010752645951838,-0.043017001122393)   (0.047345446055777,0.055832905383454)  (0.070540410379466,-0.059180574790113)  (0.018328353144132,-0.000000000013348)  (0.020013543721544,-0.074315102041774)  (-0.137548513751846,0.037720762548738)  (-0.011173795527126,0.035481391581376)  (0.095737695723000,-0.007218383011732)
 (-0.089180369784255,0.080833670473088)  (-0.024268906611155,0.036275449551701) (-0.047968608633964,-0.085522036220878)  (0.112486310671410,-0.004980852425935)   (0.020013543688741,0.074315102073865) (-0.135883348071143,-0.000000000069009)  (0.050647334274090,-0.110520379177453)   (0.124623661594294,0.024089531661823)   (0.041089188341094,0.084785972311288)
 (0.009624125485876,-0.158694538250197)   (0.015057550410131,0.128478421504675)   (0.102575890614739,0.009604253162133) (-0.056338412544964,-0.020762930165868) (-0.137548513613175,-0.037720762462917)   (0.050647334347542,0.110520379348042)  (0.067636677744262,-0.000000000014471)  (0.018836046820733,-0.035836635206042)  (-0.113699885842488,0.090885301490257)
  (0.059017435871927,0.065001092141755)  (-0.000221474611328,0.090020717870522) (-0.013964095581174,-0.047775776002527)  (0.083566130112024,-0.012792446239560) (-0.011173795320152,-0.035481391633722)  (0.124623661565071,-0.024089531673965)   (0.018836046947301,0.035836635132113)  (-0.092265655889279,0.000000000025639) (-0.140476142438076,-0.100087022932487)
 (0.170681217074865,-0.069500674205417)  (-0.014424265260491,0.094002324440457)  (-0.107141054998475,0.016160472804873)   (0.061249139695893,0.132797577423790)   (0.095737695759062,0.007218383069373)  (0.041089188261799,-0.084785972396686) (-0.113699885851449,-0.090885301524695)  (-0.140476142516735,0.100087022848545)   (0.153164630904919,0.000000000016811)
 (0.090836657062062,-0.000000000070489)  (-0.148864202851987,0.034603522639790)  (0.095442039164861,-0.072732454223976)  (-0.056986935308389,0.021606583738651)  (-0.040020395566617,0.076412460282269)   (0.053496238514481,0.044892373994498)  (0.193943536151604,-0.120258763060591) (-0.059160708250763,-0.068714765169188) (-0.108049047052529,-0.041660456130567)
(-0.148864202758390,-0.034603522619280)  (-0.057852167501750,0.000000000030656)  (-0.040926598687068,0.028018079698948) (-0.022393264137558,-0.127813827848337)   (0.042875880974682,0.091846880633026) (-0.041060182364100,-0.052653249095056)  (-0.015148653479540,0.044146111003880)  (-0.016927173963401,0.105303877605210)   (0.013261151356823,0.017770278283114)
  (0.095442039190221,0.072732454344577) (-0.040926598674084,-0.028018079690292)  (0.034479353871593,-0.000000000070129) (-0.050016692103300,-0.034829579777437)   (0.010451431874581,0.015103473988922) (-0.017864502350096,-0.041322963793945)  (-0.108964884809302,0.087195891256736)   (0.077347111341089,0.006725509782203)   (0.023574064359182,0.122743980912204)
(-0.056986935124655,-0.021606583886204)  (-0.022393264101051,0.127813827818562)  (-0.050016691984983,0.034829579915090)  (-0.169000500117908,0.000000000103363) (-0.033437743509003,-0.051911973717165)  (0.028628165009810,-0.052856216228040) (-0.004498579742133,-0.052954040436476) (-0.091297397699502,-0.076544610534680)  (-0.318265386748277,0.176537318503634)
(-0.040020395591009,-0.076412460223918)  (0.042875881084023,-0.091846880676762)  (0.010451431799251,-0.015103474014483)  (-0.033437743438983,0.051911973869675)  (-0.009891271780386,0.000000000002264)  (-0.080824398444955,0.026505007824930) (-0.000505033833192,-0.006644314805474)   (0.063733191056218,0.021208560574225)   (0.128431062104516,0.226309613156207)
 (0.053496238466228,-0.044892374056721)  (-0.041060182553622,0.052653249269550)  (-0.017864502315348,0.041322963760434)   (0.028628164808061,0.052856216214799) (-0.080824398465597,-0.026505007614665)  (0.135264296017745,-0.000000000039512) (-0.130742739288214,-0.059728294628046)  (0.007020733903034,-0.096252929275103)  (-0.019735386497171,0.063022521616752)
  (0.193943536063773,0.120258763042092) (-0.015148653317683,-0.044146111045748) (-0.108964884834743,-0.087195891231480)  (-0.004498579736582,0.052954040417335)  (-0.000505033925713,0.006644314922550)  (-0.130742739349590,0.059728294618888)  (-0.001539340960976,0.000000000128843) (-0.044794919721387,-0.019750901495210)  (-0.095721100982669,0.055887405372911)
 (-0.059160708345381,0.068714765204010) (-0.016927173876438,-0.105303877590242)  (0.077347111210230,-0.006725509754401)  (-0.091297397649558,0.076544610470832)  (0.063733191009277,-0.021208560549047)   (0.007020733868524,0.096252929334218)  (-0.044794919635715,0.019750901547501) (-0.031386330235969,-0.000000000050475)   (0.147311683915888,0.038415728963879)
 (-0.108049047025880,0.041660456104794)  (0.013261151386614,-0.017770278452926)  (0.023574064292752,-0.122743980928680) (-0.318265386624002,-0.176537318552389)  (0.128431061962038,-0.226309613264475) (-0.019735386567643,-0.063022521506393) (-0.095721100789314,-0.055887405502949)  (0.147311683997995,-0.038415728835018)  (0.009089303645895,-0.000000000034520)
 (0.063490080381934,-0.000000000038936) (-0.040501239540674,-0.060383079155564)  (-0.028485227355073,0.061426571699349) (-0.120665823856566,-0.026065022124228) (-0.080936367173241,-0.243359279816003) (-0.105837680994677,-0.073147691734995)  (0.124773736370784,-0.108638386390172) (-0.025751579001977,-0.024576879304867)  (-0.261303235892574,0.115837788137290)
 (-0.040501239687503,0.060383079190076)  (0.115690117238484,-0.000000000149567) (-0.035314835924175,-0.078924941367586)  (0.041196107274226,-0.067848600584406)   (0.120116929348432,0.088378066927794)  (-0.102441492558894,0.104949453113915) (-0.091768945157366,-0.061524787208572)  (0.086614804711502,-0.058521831171004)  (0.079664132157046,-0.052884391107991)
(-0.028485227283187,-0.061426571642321)  (-0.035314836052164,0.078924941313436)   (0.007657516154922,0.000000000054378)  (0.019526798853507,-0.111015147583562)   (0.083794338033916,0.133423624223753)  (0.096056395290458,-0.018501469443116) (-0.075061773388240,-0.104896911215231)  (0.072190701418188,-0.010984077866598)  (0.076071826029983,-0.107084480012815)
 (-0.120665823901361,0.026065022017900)   (0.041196107194423,0.067848600572402)   (0.019526798923883,0.111015147499740) (-0.094868929058500,-0.000000000001539) (-0.050246259185729,-0.113041426981243)  (-0.105302148833904,0.010523132860759)   (0.042847956649279,0.014389287263507)   (0.008118833496378,0.037407387237550)   (0.065834643882500,0.136079953308583)
 (-0.080936367010180,0.243359279753804)  (0.120116929272457,-0.088378066927473)  (0.083794338187518,-0.133423624178872)  (-0.050246259123901,0.113041427095043)  (-0.001674034066416,0.000000000003674) (-0.075952738320676,-0.040282570782669) (-0.015349315374922,-0.055265205134545)  (-0.033798871501539,0.144416206097848)   (0.108447851660540,0.150272691365469)
 (-0.105837680767091,0.073147691897686) (-0.102441492465535,-0.104949453038718)   (0.096056395253072,0.018501469391511) (-0.105302148775731,-0.010523132943328)  (-0.075952738361733,0.040282570594999) (-0.031398873863400,-0.000000000006056)  (0.051130725822396,-0.003908641133346) (-0.032730581500475,-0.071910146855391)   (0.010900105479337,0.154107754889179)
  (0.124773736413177,0.108638386446587)  (-0.091768945258078,0.061524787287634)  (-0.075061773281950,0.104896911221037)  (0.042847956565765,-0.014389287149062)  (-0.015349315343582,0.055265205127308)   (0.051130725808977,0.003908641195467)  (-0.144182423869032,0.000000000063007)  (0.007616557915049,-0.091945206919475)   (0.000520467223944,0.117416758352159)
 (-0.025751579062095,0.024576879289927)   (0.086614804885488,0.058521831226874)   (0.072190701421386,0.010984077959563)  (0.008118833448523,-0.037407387316953) (-0.033798871447104,-0.144416205990243)  (-0.032730581589636,0.071910146768152)   (0.007616557724203,0.091945206924960)  (0.000384706532644,-0.000000000001344) (-0.033025221884052,-0.110643833287075)
(-0.261303235806370,-0.115837788313743)   (0.079664132311391,0.052884391224009)   (0.076071826036216,0.107084479992188)  (0.065834643967046,-0.136079953352136)  (0.108447851754238,-0.150272691509281)  (0.010900105544264,-0.154107754944034)  (0.000520467107455,-0.117416758400493)  (-0.033025221837323,0.110643833304376)   (0.084901840551794,0.000000000076383)
(-0.182095951198380,-0.000000000003666) (-0.093215062476763,-0.032676128630962)  (-0.107312440029731,0.054264831804002)  (-0.125357572585641,0.007070755245247)   (0.035970225328735,0.201668937310384)  (0.083678257048401,-0.022959654166261)   (0.042629834768722,0.057873117549352) (-0.060946973935483,-0.084332492595049)   (0.006064263826073,0.059378992774716)
 (-0.093215062346333,0.032676128535786)   (0.132356562745332,0.000000000052354)   (0.072951355586167,0.119858804169974)  (0.079140900185569,-0.090042734982516)  (0.054351550139689,-0.078427827000052) (-0.097989428670225,-0.041684754306231)  (-0.181564293755488,0.003485756338235)   (0.024733112564757,0.053936775401491)   (0.001476485437671,0.012630145489311)
(-0.107312440006424,-0.054264831750875)  (0.072951355528255,-0.119858804130546)  (-0.076193723141848,0.000000000066096) (-0.022303531682485,-0.032598496241737)  (-0.139560995253143,0.021124663969881)   (0.056349750285664,0.140513089403449) (-0.091878080979439,-0.044622867035846)  (-0.077629792387468,0.112666424123906) (-0.040916369674371,-0.004640326704982)
(-0.125357572670976,-0.007070755376499)   (0.079140900261478,0.090042735060874)  (-0.022303531730567,0.032598496096278)  (0.022682006567561,-0.000000000100464)  (0.219000692731385,-0.022225358279494)  (0.037415058214503,-0.091740705246254)   (0.104238316687564,0.048317272028495)  (-0.080110430730397,0.029407917692451) (-0.002730281514005,-0.099453110774053)
 (0.035970225381846,-0.201668937381733)   (0.054351550169414,0.078427826983111) (-0.139560995237619,-0.021124663981301)   (0.219000692682417,0.022225358203573)  (0.070492795778011,-0.000000000018572)  (-0.041396018839348,0.042923785561957)  (0.024168185801305,-0.029433427451812)  (-0.041566958134808,0.074857522033548)   (0.052305831669808,0.024044614760098)
  (0.083678256936223,0.022959654179488)  (-0.097989428486004,0.041684754271923)  (0.056349750268358,-0.140513089417600)   (0.037415058168560,0.091740705241547) (-0.041396018731710,-0.042923785761293)  (0.001826600682682,-0.000000000041197)  (0.125423129378085,-0.143319083815902)   (0.035996222917658,0.067160778589356)  (0.082017590115608,-0.030937363764952)
 (0.042629834757419,-0.057873117549933) (-0.181564293787836,-0.003485756356492)  (-0.091878080935514,0.044622867000798)  (0.104238316786355,-0.048317272040821)   (0.024168185788652,0.029433427367676)   (0.125423129543500,0.143319083859734)  (0.027456269823007,-0.000000000067467)  (-0.046583949378894,0.042541578438494) (-0.070601233228445,-0.065796774070769)
 (-0.060946973709724,0.084332492586382)  (0.024733112549006,-0.053936775469598) (-0.077629792474581,-0.112666424008951) (-0.080110430755724,-0.029407917785744) (-0.041566958288947,-0.074857521941084)  (0.035996222784365,-0.067160778629025) (-0.046583949500544,-0.042541578487988)  (0.065907994571787,-0.000000000031156)  (-0.231452547597147,0.027232319912935)
 (0.006064263902454,-0.059378992631349)  (0.001476485358122,-0.012630145495879)  (-0.040916369684356,0.004640326805221)  (-0.002730281503786,0.099453110935217)  (0.052305831661734,-0.024044614800352)   (0.082017590320864,0.030937363948852)  (-0.070601233276103,0.065796773983203) (-0.231452547610645,-0.027232319914852)  (-0.062432555852650,0.000000000144072)
  (0.146907919491250,0.000000000054748)   (0.031539571029202,0.176632417450211)   (0.049616516977964,0.035162783202290)  (-0.054845258441394,0.010295020026195)  (-0.052806322141169,0.019379566031692)  (0.108539022094580,-0.106501168655689)  (-0.051369945598511,0.004624992879065)   (0.002816527085936,0.067565332830620) (-0.038845601715603,-0.004781041511514)
 (0.031539570981477,-0.176632417630320)   (0.009741306000451,0.000000000098747)  (0.022887535711046,-0.061065835501380)  (0.096840803992726,-0.001072218631883)   (0.125322389453716,0.069253446964725)  (-0.086692247518935,0.001142237626779)  (-0.001980039991554,0.044142486160953)  (-0.078946889765462,0.025504002944039) (-0.046388686606556,-0.073037589115018)
 (0.049616516948955,-0.035162783072176)   (0.022887535720526,0.061065835373945)  (0.038825884894324,-0.000000000047217)   (0.161547613299518,0.022223351696780)  (0.001349064729038,-0.019206653454880)   (0.021625521984132,0.093182730122267)  (0.018416102211911,-0.025433632908068)  (-0.097820399054294,0.030920661263473)  (-0.063462738737307,0.058332847203956)
(-0.054845258401570,-0.010295019991884)   (0.096840804097238,0.001072218818676)  (0.161547613304623,-0.022223351649387) (-0.083622608781072,-0.000000000056376) (-0.109063865488724,-0.045939315350523)  (0.055491196982366,-0.205188699643753)  (0.013342009328948,-0.012301284942138)   (0.129880006719698,0.045587010294623)   (0.187837394093395,0.039169423057018)
(-0.052806322237506,-0.019379565991813)  (0.125322389540413,-0.069253446844877)   (0.001349064898948,0.019206653494794)  (-0.109063865522141,0.045939315222246)  (-0.092054634414142,0.000000000018834) (-0.133745620701974,-0.093641668375967)  (-0.032552692554489,0.127378906021752) (-0.000581677947543,-0.049759321478909)  (-0.019815197820914,0.086827167627072)
  (0.108539022225345,0.106501168694195) (-0.086692247583045,-0.001142237768875)  (0.021625521976902,-0.093182730156936)   (0.055491197002233,0.205188699525174)  (-0.133745620664435,0.093641668257137) (-0.056564479906473,-0.000000000057781)  (0.056341205390346,-0.065273814117088) (-0.045630151134164,-0.025750634030290)  (-0.000695304249978,0.088952139529356)
(-0.051369945601356,-0.004624992835477) (-0.001980039953813,-0.044142486145817)   (0.018416102193451,0.025433632911731)   (0.013342009373728,0.012301284858008) (-0.032552692540014,-0.127378906022637)   (0.056341205393701,0.065273814226296) (-0.064501955586404,-0.000000000044535)  (-0.033139438918355,0.082599470878192)  (0.132226370196667,-0.004168215501117)
 (0.002816526929368,-0.067565332871644) (-0.078946889792125,-0.025504002989705) (-0.097820399122806,-0.030920661356498)  (0.129880006751209,-0.045587010240231)  (-0.000581677764231,0.049759321423860)  (-0.045630151044873,0.025750634018306) (-0.033139438861584,-0.082599471022844)  (-0.198303826261408,0.000000000003786) (-0.018876272531951,-0.017391966969502)
 (-0.038845601715867,0.004781041514170)  (-0.046388686502339,0.073037589212812) (-0.063462738808580,-0.058332847127340)  (0.187837394147933,-0.039169422902751) (-0.019815197845194,-0.086827167691546) (-0.000695304067165,-0.088952139560677)   (0.132226369981222,0.004168215504374)  (-0.018876272455513,0.017391966831846)   (0.299572394547862,0.000000000029794)
  (0.047909544597690,0.000000000088787) (-0.024086369378775,-0.007440057618980)  (-0.014239677877148,0.070144657666678)   (0.028584628353482,0.182123905563233)  (-0.166428535281000,0.108955664497227)   (0.258797710436596,0.105671588234948)  (0.003494142942519,-0.002764171397810) (-0.012760253737610,-0.182820387084522)   (0.207941056522711,0.049718188179549)
 (-0.024086369350815,0.007440057521233)  (-0.038196303290936,0.000000000058935)   (0.004411152229653,0.049143009959498) (-0.084075310344266,-0.106400226868241)   (0.106228102745953,0.022531949421816) (-0.104478848636140,-0.127008207364580)  (0.021779038854981,-0.052010131795720)   (0.061937180799032,0.023529502170701) (-0.173592910623056,-0.058690524970619)
(-0.014239677968922,-0.070144657394559)  (0.004411152280231,-0.049143009993809) (-0.069903753395646,-0.000000000104834) (-0.160026110318952,-0.063624874168454)   (0.043425070123905,0.054006292709709)  (-0.115610184048895,0.018279172709361)   (0.048147392536656,0.055941329024413)  (0.065197319419478,-0.014617751937098) (-0.187802574142500,-0.227178385944657)
 (0.028584628489678,-0.182123905514209)  (-0.084075310480173,0.106400226759622)  (-0.160026110314564,0.063624873948906)  (0.169971272603420,-0.000000000030596)  (-0.058352394613382,0.142252623323259)   (0.203374976243216,0.206216665362625)  (0.091041560503748,-0.003795725863980) (-0.187866998524248,-0.114434515020154) (-0.071348956389156,-0.056246981431396)
(-0.166428535397296,-0.108955664412993)  (0.106228102814131,-0.022531949531084)  (0.043425069846578,-0.054006292857475) (-0.058352394595182,-0.142252623180248)  (0.053987040479264,-0.000000000030246)  (0.070688676720764,-0.255233295387430)   (0.015102490404330,0.060325266390007)   (0.066179491507229,0.050035023794544)  (-0.021743789130530,0.015028762562737)
 (0.258797710311536,-0.105671588137187)  (-0.104478848443760,0.127008207240140) (-0.115610184020981,-0.018279172725388)  (0.203374976205112,-0.206216665290809)   (0.070688676663925,0.255233295422223)  (-0.023794184772900,0.000000000085170) (-0.026174663536486,-0.116895622559183)  (0.003849313844803,-0.083126990222866)   (0.162784443694748,0.051962776810624)
  (0.003494142907380,0.002764171347685)   (0.021779038948185,0.052010131662337)  (0.048147392457251,-0.055941328969048)   (0.091041560499120,0.003795725929549)  (0.015102490409327,-0.060325266288095)  (-0.026174663463162,0.116895622533455) (-0.142032400263585,-0.000000000087252)  (0.035372188858557,-0.047948867380644)  (-0.054098923788514,0.041031943702443)
 (-0.012760253572168,0.182820387080401)  (0.061937180622186,-0.023529502109973)   (0.065197319497707,0.014617751870138)  (-0.187866998446564,0.114434515058647)  (0.066179491506212,-0.050035023706760)   (0.003849313841392,0.083126990292746)   (0.035372188830685,0.047948867411224)   (0.004513670963800,0.000000000029139)  (-0.154229374467715,0.006598354198455)
 (0.207941056504301,-0.049718188292262)  (-0.173592910593165,0.058690524995036)  (-0.187802574161751,0.227178385896468)  (-0.071348956394031,0.056246981469868) (-0.021743789145943,-0.015028762647398)  (0.162784443740492,-0.051962776834584) (-0.054098923870976,-0.041031943755197) (-0.154229374479761,-0.006598354115923) (-0.002454886914025,-0.000000000009104)
(-0.021442563372447,-0.000000000023872) (-0.037981941664913,-0.098903848390647)   (0.206714127982741,0.027337634608156) (-0.072476429968733,-0.118433045712323) (-0.107924548525343,-0.047287283138498) (-0.065832993159855,-0.196808114154279)   (0.050972637277288,0.026852657627337)  (-0.079803806000290,0.045262532291993)   (0.065092000014314,0.094710904206152)
 (-0.037981941774573,0.098903848370749)  (-0.244994867115819,0.000000000116541) (-0.013477899853856,-0.002635797519086)   (0.043209371214792,0.045537147072337)  (0.138108614175276,-0.016205005578273)  (-0.022216097185214,0.086207438236695) (-0.071149211092553,-0.036603568589386) (-0.035415628222274,-0.098520918292430) (-0.056936353303649,-0.108900525164993)
 (0.206714127982273,-0.027337634696828)  (-0.013477899933020,0.002635797456010)  (-0.112386242592828,0.000000000163969)  (-0.116338874831608,0.097790424942932)  (-0.119983098543183,0.017156487140609)  (-0.038483128649454,0.133734365681554) (-0.010512617663258,-0.121581015326058)  (0.082725685373749,-0.021175557167329)  (-0.141611052273988,0.165346812282773)
 (-0.072476430068159,0.118433045815970)  (0.043209371196194,-0.045537147201760) (-0.116338874786336,-0.097790424856039)  (0.039493278501412,-0.000000000172415)  (-0.111792026834919,0.028441341427209) (-0.083294401794358,-0.063620739811779)  (-0.092911725590913,0.125252453258152)  (0.058731945347254,-0.040674984264547)  (0.092595156148985,-0.032154989313328)
 (-0.107924548520866,0.047287283252406)   (0.138108614345772,0.016205005537252) (-0.119983098519270,-0.017156487004197) (-0.111792026906713,-0.028441341634259)  (0.005670792866486,-0.000000000102625)  (-0.179711300794938,0.000147652397581)  (0.050517520339022,-0.078467947597024) (-0.050018327677403,-0.149256120425430)  (-0.131492249419050,0.006371580634905)
 (-0.065832993180507,0.196808114046590) (-0.022216097159424,-0.086207438217344) (-0.038483128520234,-0.133734365343472)  (-0.083294401787507,0.063620739713061) (-0.179711300749904,-0.000147652233179)  (0.118608871541581,-0.000000000085246)  (-0.066424290824867,0.028730883225356)   (0.077030078780720,0.048006655917493) (-0.021033408593735,-0.066364180906662)
 (0.050972637280269,-0.026852657618407)  (-0.071149211278729,0.036603568454210)  (-0.010512617765880,0.121581015290047) (-0.092911725470856,-0.125252453106779)   (0.050517520538629,0.078467947694819) (-0.066424290920334,-0.028730883226338)   (0.117368892801019,0.000000000044416)  (-0.011777768134091,0.028803753608784)  (0.101717479348028,-0.085122673914704)
(-0.079803806017909,-0.045262532223827)  (-0.035415628271540,0.098520918402972)   (0.082725685520492,0.021175557058399)   (0.058731945343218,0.040674984351999)  (-0.050018327622282,0.149256120265771)  (0.077030078747115,-0.048006655965968) (-0.011777768202711,-0.028803753640870)  (-0.136165877248433,0.000000000016802)  (-0.017041089677253,0.004312542523861)
 (0.065091999986376,-0.094710904179105)  (-0.056936353329281,0.108900525212870) (-0.141611052137780,-0.165346812303287)   (0.092595156138291,0.032154989291473) (-0.131492249402375,-0.006371580641562)  (-0.021033408712265,0.066364180769602)   (0.101717479367913,0.085122673996257) (-0.017041089789088,-0.004312542456261)   (0.233847714614988,0.000000000042431)
 (0.017691848426750,-0.000000000059933) (-0.144519307977266,-0.164568163178540)  (-0.072158620272145,0.001111641328943)  (0.004054456260037,-0.106753982453357)   (0.059072862546868,0.065686754326133) (-0.038097545219032,-0.074834042927076)  (-0.001912984475743,0.141146629494093)  (-0.112769453221323,0.105860216944226)  (0.087788209079284,-0.068876689076829)
 (-0.144519307986537,0.164568163237218) (-0.025919273250508,-0.000000000027447) (-0.010421942065862,-0.004159635268236)  (-0.027188105258377,0.136569051959060) (-0.096077902991848,-0.065344865378710) (-0.075937666516219,-0.067020637771212)  (-0.125456733212727,0.055392349056119)   (0.142006037693793,0.040135189741920) (-0.018663425789433,-0.000916389213304)
(-0.072158620304481,-0.001111641466716)  (-0.010421942071086,0.004159635220939)  (0.153853941039036,-0.000000000009785) (-0.057983984501299,-0.022409139998273) (-0.099925138565206,-0.024164710866342) (-0.107172973768757,-0.129277331050505)  (0.005893174150124,-0.038731106017525)   (0.102969718204699,0.120869975211995)  (0.068992377102263,-0.136399242739160)
  (0.004054456133942,0.106753982464746) (-0.027188105293121,-0.136569052044126)  (-0.057983984547765,0.022409140042303) (-0.288966574015195,-0.000000000134752) (-0.013228400198665,-0.117702752079549)  (-0.032266269751642,0.030566410125132)  (0.102656337314994,-0.000221404144220) (-0.000546138218015,-0.009980885361620)  (-0.040616637624576,0.015555195144335)
 (0.059072862524625,-0.065686754251139)  (-0.096077903035567,0.065344865398229)  (-0.099925138545326,0.024164710836542)  (-0.013228400278705,0.117702751995577)  (-0.062451794234332,0.000000000116847)  (0.146880002183135,-0.015057647599935)  (0.033635925051151,-0.016617847671150)  (-0.166483810321978,0.014372783598363) (-0.051934698504965,-0.021718512006243)
 (-0.038097545220442,0.074834042821271)  (-0.075937666547954,0.067020637761511)  (-0.107172973532714,0.129277331058893) (-0.032266269860334,-0.030566410197107)   (0.146880002085343,0.015057647556682)   (0.122128612543072,0.000000000016980)  (-0.035185622835757,0.094941117802743) (-0.059994501154419,-0.105092011599252)  (0.035283430996813,-0.084623766473427)
(-0.001912984443093,-0.141146629563674) (-0.125456733286148,-0.055392349073755)   (0.005893174072773,0.038731106026918)   (0.102656337302982,0.000221404149297)   (0.033635924849532,0.016617847541074) (-0.035185622801514,-0.094941117632048)  (0.076988685441771,-0.000000000025590)  (-0.053049356930344,0.019119860565164)  (-0.004354835723102,0.020396408269818)
(-0.112769453480220,-0.105860216801235)  (0.142006037775109,-0.040135189999671)  (0.102969718217232,-0.120869975153667)  (-0.000546138124494,0.009980885117038) (-0.166483810235339,-0.014372783657138)  (-0.059994501161567,0.105092011571093) (-0.053049356912782,-0.019119860553828)  (0.107432542290783,-0.000000000016460)  (-0.037735449490254,0.012954059384796)
  (0.087788209117939,0.068876688908740)  (-0.018663425852829,0.000916389310831)   (0.068992377004445,0.136399242803369) (-0.040616637457672,-0.015555195299833)  (-0.051934698527362,0.021718511897450)   (0.035283431206269,0.084623766574060) (-0.004354835671235,-0.020396408205292) (-0.037735449568035,-0.012954059279034)  (-0.100757988251297,0.000000000140140)
  (0.060093802666604,0.000000000047931)  (-0.170207230084041,0.115418756460915)  (-0.002579640136299,0.036623234701118)   (0.213042406805032,0.010795852728459)   (0.092106428457846,0.093656087043149)  (0.063950629269363,-0.058208845296481)  (-0.097251668585288,0.037598114807264) (-0.026638448661955,-0.043362123316004)   (0.026594323227225,0.035836667263705)
(-0.170207229960538,-0.115418756452264)  (0.091092051645243,-0.000000000006263)   (0.044666571399399,0.049194095834231) (-0.150791449574942,-0.059032090056975) (-0.100242790082099,-0.198793801890578)   (0.117325170116938,0.152494449137426)  (0.061280098076535,-0.075014114448152)  (-0.010827983517619,0.030430189106901) (-0.016525576975170,-0.033408886771455)
(-0.002579640066738,-0.036623234633017)  (0.044666571360129,-0.049194095905296) (-0.155549178725312,-0.000000000060846)   (0.074138130855199,0.198117341204916)  (-0.035991374595810,0.097572906617632)  (-0.028966274121089,0.016476078492122)  (-0.091301638847021,0.025100004469869)  (-0.020683110485834,0.033680068105008)  (-0.054777403140760,0.151952818653330)
 (0.213042406745039,-0.010795852909694)  (-0.150791449649977,0.059032089937372)  (0.074138130768942,-0.198117341066067)   (0.145975689440584,0.000000000032767)  (-0.003320171484632,0.122316631617249)  (-0.104141886890482,0.063333170606916)  (0.068027703580062,-0.040362560499211)  (-0.037351607241812,0.027608793700721)  (0.077124471929100,-0.079600055068619)
 (0.092106428521854,-0.093656086980041)  (-0.100242789947818,0.198793801984598) (-0.035991374567177,-0.097572906772889) (-0.003320171403940,-0.122316631701017)  (-0.093675219676084,0.000000000005207)  (0.003149120979500,-0.059883706327420)  (0.057027032121991,-0.044880975752968)  (0.081792201042207,-0.083567565278091)  (-0.029876440008398,0.113763499548823)
  (0.063950629158252,0.058208845290765)  (0.117325169956992,-0.152494449111575) (-0.028966274020673,-0.016476078607863) (-0.104141886963689,-0.063333170537524)   (0.003149121040395,0.059883706364669)  (-0.096938276802078,0.000000000020329)  (-0.068624159134759,0.068944088615751) (-0.038622078051582,-0.037166353420264)  (0.092265995979036,-0.039772140262674)
(-0.097251668541197,-0.037598114841556)   (0.061280098085566,0.075014114540610) (-0.091301638875733,-0.025100004527526)   (0.068027703547456,0.040362560558635)   (0.057027032262379,0.044880975828998) (-0.068624159077140,-0.068944088706653)   (0.113520157554777,0.000000000050976)   (0.005853020307902,0.124025588021622)  (-0.056288458750732,0.186225628659117)
 (-0.026638448805585,0.043362123313695) (-0.010827983553395,-0.030430189161196) (-0.020683110411522,-0.033680067857235) (-0.037351607241271,-0.027608793785837)   (0.081792201001412,0.083567565229768)  (-0.038622077972620,0.037166353508024)  (0.005853020445380,-0.124025587904354)  (0.105477138095682,-0.000000000011013)   (0.041562299187496,0.124010439465890)
 (0.026594323191360,-0.035836667316375)  (-0.016525577049403,0.033408886766039) (-0.054777403290583,-0.151952818464786)   (0.077124472060797,0.079600055110375) (-0.029876440186020,-0.113763499700151)   (0.092265996165012,0.039772140198648) (-0.056288458873183,-0.186225628601985)  (0.041562299231484,-0.124010439550201) (-0.169996164181377,-0.000000000079090)
