 (0.064612451049718,-0.000000000023391) (-0.016510574357181,-0.011889761116347)  (-0.041105071675282,0.133171540669034)  (0.073240779863328,-0.043068783362251) (-0.065064100182340,-0.078287679154789)   (0.008760573778349,0.089481507893621)   (0.009445120922692,0.028949017623726) (-0.085709302987544,-0.056423801738263)  (0.026931705490964,-0.012582499313312)
 (-0.016510574377964,0.011889760975041) (-0.122476134491492,-0.000000000024198) (-0.063107404039822,-0.053528587306566)  (-0.206924491449301,0.037478845079949)  (-0.120917515210861,0.077824143263591)   (0.115247629834816,0.047719566953931) (-0.073566904251695,-0.058245438279354)  (0.170583868770424,-0.032680584682566)   (0.057633844901837,0.072618882702111)
(-0.041105071657492,-0.133171540756918)  (-0.063107403943852,0.053528587366932) (-0.020505059325937,-0.000000000141747) (-0.050994454890098,-0.085384877350389)   (0.040363256682535,0.035744417685607)   (0.024607413364091,0.011231765749858)   (0.021656067292538,0.073245620812179) (-0.078953740241746,-0.081531185755711)  (-0.028578252715150,0.053465174829220)
  (0.073240779800381,0.043068783275894) (-0.206924491330083,-0.037478844982999)  (-0.050994454961478,0.085384877327565)   (0.027107478282597,0.000000000060723) (-0.052159264067824,-0.041151249950938)  (0.164993903266051,-0.231347766806865) (-0.024484135038127,-0.046256202287685)   (0.034517629516833,0.030864204036976) (-0.022465609422672,-0.047180307868522)
 (-0.065064100179384,0.078287679140884) (-0.120917515157045,-0.077824143348363)  (0.040363256650467,-0.035744417706423)  (-0.052159264055648,0.041151249943999)  (0.038228207083605,-0.000000000002888)  (-0.053423141143119,0.066723442475990)  (0.048940831566308,-0.034663280474294)  (0.052035504369561,-0.052282981463605) (-0.014570134165307,-0.105961670189424)
 (0.008760573789239,-0.089481507892864)  (0.115247629813926,-0.047719567021026)  (0.024607413363412,-0.011231765649966)   (0.164993903279841,0.231347766882375) (-0.053423141159484,-0.066723442534630)  (0.064759986004639,-0.000000000039853)   (0.065516965075808,0.118147116126357)  (0.057491079484124,-0.002061393293596) (-0.028872710352414,-0.007976047261083)
 (0.009445120819123,-0.028949017635621)  (-0.073566904243629,0.058245438351572)  (0.021656067320723,-0.073245620852622)  (-0.024484135065258,0.046256202321883)   (0.048940831601599,0.034663280576126)  (0.065516965113751,-0.118147116115127)   (0.056488765235847,0.000000000088656)   (0.024103913902156,0.065822164389730)  (-0.072807583929880,0.020372618925699)
 (-0.085709302953921,0.056423801674461)   (0.170583868837623,0.032680584577147)  (-0.078953740145740,0.081531185765285)  (0.034517629734199,-0.030864204153311)   (0.052035504355227,0.052282981444991)   (0.057491079439758,0.002061393304794)  (0.024103913853370,-0.065822164452732)  (-0.025122918016907,0.000000000002180)  (-0.098967859050128,0.021917763035665)
  (0.026931705483353,0.012582499228712)  (0.057633844852621,-0.072618882707930) (-0.028578252723242,-0.053465174681107)  (-0.022465609471065,0.047180307858663)  (-0.014570134212174,0.105961670251576)  (-0.028872710427645,0.007976047396929) (-0.072807584029979,-0.020372618968604) (-0.098967859041870,-0.021917763052762)  (-0.083092775808361,0.000000000080516)
(-0.028970402790860,-0.000000000031204)  (-0.014125664885439,0.109749677137261)  (0.048691819204163,-0.026999365600783)   (0.012511354022897,0.003995380779100) (-0.081594256138164,-0.077040759348834) (-0.040858735787877,-0.063206913794043) (-0.069214747129488,-0.092165300354931)  (0.031202416997275,-0.117423741952509)  (-0.064021708061167,0.122192626649334)
(-0.014125664927884,-0.109749677190503)   (0.047113916026182,0.000000000040490)   (0.032382484512173,0.009420854356912)  (-0.035900968354229,0.003739802620667)   (0.067319314920553,0.114951095430542)  (0.044039319402589,-0.010894326947089)  (-0.013723600593603,0.010501161999559)  (-0.042491538170999,0.025310819901543)  (-0.023658497647833,0.070516451494727)
  (0.048691819315234,0.026999365596850)  (0.032382484462540,-0.009420854344096)  (0.109179185749372,-0.000000000020190)   (0.035330863337891,0.034965328643077)   (0.037189981184827,0.019187195350717) (-0.039346818065822,-0.063935232493023)  (0.023143486613276,-0.111274927056875)   (0.034506502773435,0.098383498677416) (-0.040499682297620,-0.013032787120100)
 (0.012511354014746,-0.003995380804393) (-0.035900968333419,-0.003739802533123)  (0.035330863282722,-0.034965328626695) (-0.012314647043859,-0.000000000112502)  (-0.060273951302118,0.030573663236547)  (0.032393245493912,-0.011915082572405)  (0.089247653223782,-0.124817892395600)   (0.071094122233374,0.089864996429747)  (-0.081000184046606,0.009144895531221)
 (-0.081594256139051,0.077040759269680)  (0.067319315026161,-0.114951095402889)  (0.037189981302383,-0.019187195342522) (-0.060273951225550,-0.030573663196675)   (0.024953051972939,0.000000000112039)   (0.016439600740577,0.074317105953621)   (0.010776590330067,0.037116974137547) (-0.130234295115671,-0.067135649490430)  (-0.065499468325503,0.012612177086760)
 (-0.040858735759075,0.063206913849593)   (0.044039319390572,0.010894327003739)  (-0.039346818074245,0.063935232505817)   (0.032393245440658,0.011915082655541)  (0.016439600670950,-0.074317105865406) (-0.120666712455623,-0.000000000016173)   (0.063280136972456,0.035466406377602)  (0.111014507936434,-0.000459013847811) (-0.041838753459009,-0.134987851586375)
 (-0.069214747128587,0.092165300365469) (-0.013723600594875,-0.010501162015871)   (0.023143486692485,0.111274927127571)   (0.089247653344523,0.124817892418999)  (0.010776590389295,-0.037116974124115)  (0.063280137004460,-0.035466406282687)  (-0.068571980574028,0.000000000002526)  (-0.072967326621905,0.026760296318247) (-0.000825453219350,-0.022232560462173)
  (0.031202417065392,0.117423741944161) (-0.042491538213582,-0.025310819971629)  (0.034506502752908,-0.098383498683527)  (0.071094122188298,-0.089864996395309)  (-0.130234294955678,0.067135649434778)   (0.111014507903342,0.000459013775372) (-0.072967326582262,-0.026760296130068)  (0.032374470084358,-0.000000000037632)  (-0.005880841690084,0.038436826938965)
(-0.064021707949356,-0.122192626721815) (-0.023658497527936,-0.070516451445328)  (-0.040499682436771,0.013032787122993) (-0.081000183851829,-0.009144895527107) (-0.065499468176750,-0.012612177103757)  (-0.041838753479732,0.134987851506496)  (-0.000825453210982,0.022232560361072) (-0.005880841574785,-0.038436826939129)   (0.016903119025624,0.000000000062646)
 (-0.023746005188742,0.000000000011959)  (0.060424849080457,-0.070663553204364) (-0.004886557775084,-0.057336335478637) (-0.050784978839579,-0.106298368230709)   (0.103769221001601,0.034172068645305)   (0.027887109809004,0.018429621578163)  (-0.007150817894753,0.031829006071977) (-0.038425263453713,-0.098526504167463) (-0.026796823858707,-0.074336391564754)
  (0.060424848989491,0.070663553268838)  (-0.008272177118058,0.000000000000922) (-0.071389539017031,-0.091743908508765)  (0.055664896105725,-0.031377539803874) (-0.051129913415058,-0.074019181133801)  (0.009806668021282,-0.064467128442210)  (-0.031887579280542,0.077267387378976)  (-0.071653617041163,0.047523133761396)   (0.010370417707001,0.036273152467037)
 (-0.004886557645437,0.057336335429926)  (-0.071389538875058,0.091743908406084)  (0.258198488167404,-0.000000000052193)   (0.034882564868526,0.124303688170553)  (-0.045370222732564,0.063805028483644) (-0.008077721777579,-0.071023172576238) (-0.036224837868302,-0.044868172012747)   (0.017064397180004,0.063844968970031)  (0.022553519796096,-0.085598467247753)
 (-0.050784978799132,0.106298368234096)   (0.055664896078998,0.031377539756675)  (0.034882564629281,-0.124303688107844) (-0.022156870868749,-0.000000000013745)  (-0.079196243060759,0.016964331918373) (-0.078979081955278,-0.078591020930839)  (0.016508816000660,-0.089883024593645) (-0.017071597319396,-0.043742847459349) (-0.112094865003075,-0.051951072628441)
 (0.103769220991822,-0.034172068651362)  (-0.051129913416278,0.074019181162332) (-0.045370222730984,-0.063805028378917) (-0.079196242957013,-0.016964332212717)  (-0.076663918232775,0.000000000126971)  (-0.015116233100471,0.076536801411812)  (0.024779872660397,-0.053203565356977)   (0.018575191735006,0.161466329260924) (-0.040704572475129,-0.048791169516576)
 (0.027887109833230,-0.018429621603158)   (0.009806668021147,0.064467128448804)  (-0.008077721723021,0.071023172546712)  (-0.078979082034433,0.078591020830537) (-0.015116233074529,-0.076536801266281) (-0.221286119222166,-0.000000000026249)  (0.036286124621693,-0.096159232105993) (-0.014421374888404,-0.055807099156912) (-0.054764641659536,-0.016309039924632)
(-0.007150817869386,-0.031829005968458) (-0.031887579360862,-0.077267387441030)  (-0.036224837713208,0.044868172040845)   (0.016508815955406,0.089883024539950)   (0.024779872732699,0.053203565410219)   (0.036286124484468,0.096159232186917)  (0.063171965724788,-0.000000000043651)  (-0.015811144379541,0.059237587070325)  (0.142398748233972,-0.031144595719183)
 (-0.038425263479072,0.098526504232366) (-0.071653617014024,-0.047523133773753)  (0.017064397180743,-0.063844968990850)  (-0.017071597308244,0.043742847409916)  (0.018575191788893,-0.161466329153294)  (-0.014421374876804,0.055807099123344) (-0.015811144506590,-0.059237586944170)  (-0.076351111273487,0.000000000013793)   (0.034134011756813,0.146491170999897)
 (-0.026796823770168,0.074336391606711)  (0.010370417903403,-0.036273152378335)   (0.022553519765972,0.085598467283483)  (-0.112094864992021,0.051951072458720)  (-0.040704572411431,0.048791169492462)  (-0.054764641634186,0.016309039946575)   (0.142398748147351,0.031144595776375)  (0.034134011797791,-0.146491171027622)  (0.107105748013605,-0.000000000017805)
 (0.042111782375473,-0.000000000009565)  (-0.079926261389536,0.024524952436325)  (-0.004552172836806,0.071861208702704)  (0.088739635812560,-0.039079248309638)  (-0.008432534959472,0.072796844369352)  (-0.078744361697966,0.037071349829999)  (0.064312923406904,-0.056395394427954) (-0.041515698533861,-0.050285358140602) (-0.033158405209621,-0.083787168800682)
(-0.079926261298179,-0.024524952536336)  (-0.114680564663961,0.000000000066701) (-0.041253536744600,-0.088057932478815)   (0.002861163915822,0.090430693603538)   (0.046412173053669,0.205117964602646)  (-0.056679687417150,0.073601794479257)  (0.083455576390135,-0.021529778930415)   (0.054709491718292,0.047191010431329) (-0.050443778746023,-0.029086639585651)
(-0.004552172861488,-0.071861208699393)  (-0.041253536736745,0.088057932394122) (-0.085061795783610,-0.000000000040762)  (0.021915077519561,-0.146914813365920)  (-0.089920639185273,0.015260920850861)   (0.065465184429445,0.066653403038037) (-0.004888500656379,-0.035904101317418) (-0.129991793483444,-0.020532828970936)   (0.061590699666223,0.040204094012838)
  (0.088739635882942,0.039079248137514)  (0.002861163967616,-0.090430693442016)   (0.021915077604976,0.146914813236949)   (0.064849030654575,0.000000000032157)  (0.111777409382431,-0.005401475919634)  (0.028087030749283,-0.048396825792518)   (0.018482071411506,0.130622898119285) (-0.060592383473391,-0.023086540972752)  (-0.024504780361774,0.040381192056487)
(-0.008432535013401,-0.072796844406235)  (0.046412172973400,-0.205117964736701) (-0.089920639366164,-0.015260920816850)   (0.111777409526594,0.005401476029600)  (0.091150126975167,-0.000000000065254)  (0.071056290564171,-0.018245373739007)  (0.023180121482782,-0.020403963306856)  (-0.063897791479900,0.011043238046190) (-0.015058669693635,-0.068720222393968)
(-0.078744361684470,-0.037071349927124) (-0.056679687270358,-0.073601794498693)  (0.065465184462001,-0.066653403066905)   (0.028087030604327,0.048396825755779)   (0.071056290524831,0.018245373730715)  (-0.054399340192094,0.000000000052006)   (0.000778857078304,0.017826103614862)   (0.014374370085545,0.011821407061163)  (-0.002692765131255,0.000100894604235)
  (0.064312923405201,0.056395394385963)   (0.083455576260389,0.021529779030510)  (-0.004888500609750,0.035904101209332)  (0.018482071463470,-0.130622898034644)   (0.023180121518686,0.020403963479724)  (0.000778857093649,-0.017826103651751) (-0.006591167327313,-0.000000000002511)  (-0.075840021804885,0.074459298758053)  (0.145529674977855,-0.006297919138394)
 (-0.041515698470358,0.050285358168637)  (0.054709491748341,-0.047191010416648)  (-0.129991793507778,0.020532828950679)  (-0.060592383573444,0.023086540892036) (-0.063897791440519,-0.011043238080101)  (0.014374370019461,-0.011821407197866) (-0.075840021911458,-0.074459298891557)  (0.141927345040387,-0.000000000009878)  (-0.220928689440718,0.018919009427853)
 (-0.033158405196357,0.083787168762354)  (-0.050443778761199,0.029086639596168)  (0.061590699622834,-0.040204093960220) (-0.024504780385493,-0.040381191982827)  (-0.015058669824542,0.068720222446725) (-0.002692765201511,-0.000100894604734)   (0.145529674895418,0.006297918998096) (-0.220928689327527,-0.018919009519760) (-0.079305417096381,-0.000000000022894)
(-0.066587924877223,-0.000000000036602)  (-0.058241185654120,0.022777619490445)   (0.060203139838136,0.008473931457603) (-0.023846405226233,-0.049594808456580)   (0.009617676157300,0.032355677896931)  (0.006325876767757,-0.010014711781608)   (0.043512524550810,0.117823426300836) (-0.014966294725892,-0.059369233398499)  (-0.073096369923942,0.000400863652263)
(-0.058241185735718,-0.022777619594663)  (0.019186228387323,-0.000000000051378) (-0.133764148232265,-0.008930536701086)  (-0.023502488915743,0.106222981854830)  (0.023713850760005,-0.045540171595179)   (0.004199664719236,0.018149198556821)  (-0.041721464716671,0.047703235209591)  (0.020499663752223,-0.032102418202039)  (-0.036153676028275,0.068510828569971)
 (0.060203139816133,-0.008473931327261)  (-0.133764148301428,0.008930536690967)  (0.059907778276716,-0.000000000063857)  (-0.068656835484033,0.026846277770112)  (-0.101414817560546,0.111710023339981) (-0.044949412621295,-0.005577041880498)  (0.032098034545686,-0.005710849032243) (-0.043539170669224,-0.009446362043625)  (0.074707360151915,-0.027846130491504)
 (-0.023846405215218,0.049594808489904) (-0.023502488863814,-0.106222981847522) (-0.068656835437137,-0.026846277804717)  (-0.001478635272002,0.000000000004205) (-0.050247325348334,-0.011787120907625)  (0.002675168917605,-0.018154571372919)   (0.010316767390548,0.005903492859432)  (0.000258086920547,-0.059167425207883)  (-0.039754900575203,0.003357461124630)
 (0.009617676107555,-0.032355677851832)   (0.023713850593587,0.045540171500928) (-0.101414817590370,-0.111710023333607)  (-0.050247325292863,0.011787120969680)  (-0.052943176524723,0.000000000035993)  (-0.071203411440948,0.080633031970987)  (0.037475678959755,-0.074967847489210)  (-0.041213013967884,0.033024681052904)   (0.018113740579745,0.000113959011297)
  (0.006325876706510,0.010014711931044)  (0.004199664624638,-0.018149198587005)  (-0.044949412598617,0.005577041861965)   (0.002675169015514,0.018154571254735) (-0.071203411517619,-0.080633031904885)  (-0.054161798045690,0.000000000005039)  (-0.028163993064418,0.045456713865788) (-0.041458305864849,-0.103804044954802)  (0.000029761897263,-0.098391816092929)
 (0.043512524538894,-0.117823426294382) (-0.041721464696565,-0.047703235208710)   (0.032098034670989,0.005710849054275)  (0.010316767348814,-0.005903492814906)   (0.037475679023506,0.074967847645620) (-0.028163993055242,-0.045456713979398)  (0.013234932307207,-0.000000000088738)   (0.069601251782318,0.012874118780917)  (-0.019777214386493,0.005520275688371)
 (-0.014966294838653,0.059369233255585)   (0.020499663885567,0.032102418274661)  (-0.043539170567487,0.009446361945715)   (0.000258086987769,0.059167425203203) (-0.041213014008731,-0.033024681141806)  (-0.041458305877787,0.103804044870931)  (0.069601251888474,-0.012874118939375)   (0.047683777821175,0.000000000041019)  (0.057642778779812,-0.032996867567618)
(-0.073096369986147,-0.000400863649805) (-0.036153675965414,-0.068510828512475)   (0.074707360073385,0.027846130478517) (-0.039754900547040,-0.003357461157211)  (0.018113740629106,-0.000113959077053)   (0.000029762019703,0.098391816055344) (-0.019777214371476,-0.005520275723693)   (0.057642778834838,0.032996867613125)   (0.035158817920753,0.000000000154322)
 (-0.103497410725373,0.000000000073135)  (-0.082336036722040,0.002200777585506) (-0.077493827335594,-0.011815587865896)  (0.078897228364188,-0.016755531224727)   (0.017400716191085,0.048673731171201) (-0.000339506089321,-0.071665645130232)   (0.035943500930518,0.019314794901652)   (0.078675350214008,0.017015697666488)  (-0.014305193025078,0.064435505332719)
(-0.082336036684174,-0.002200777682893) (-0.043267626688544,-0.000000000040832) (-0.074435621954861,-0.016561107632454)  (-0.018684464138587,0.040686236351241) (-0.098222043068165,-0.007802692904276) (-0.012977641406647,-0.034845983826375)  (-0.014594910742491,0.124930851608849)  (-0.039922094718278,0.001005805825606)  (-0.057912760254484,0.011039468968455)
 (-0.077493827410790,0.011815587871287)  (-0.074435621944387,0.016561107791615)   (0.003722369377726,0.000000000057145)  (0.041140281391043,-0.026612854047298) (-0.062326095654647,-0.122768405729841)  (0.007603297538641,-0.093547092645043)  (-0.006145290035566,0.084559758243231)  (-0.004437206804469,0.114861281572423)  (-0.147414242525888,0.034130302579687)
  (0.078897228391697,0.016755531245199) (-0.018684464035952,-0.040686236349399)   (0.041140281368551,0.026612854015715)   (0.059805638244090,0.000000000117492)   (0.056995612901213,0.066232483515122)  (-0.035636778529404,0.031912562179587) (-0.174347555377005,-0.046135659185890)   (0.024867042374905,0.135855261952650)   (0.031792535734428,0.010977380420389)
 (0.017400716227180,-0.048673731184165)  (-0.098222043083920,0.007802692906151)  (-0.062326095509069,0.122768405876019)  (0.056995612891327,-0.066232483421210)  (-0.150432997583319,0.000000000016084)   (0.157033745625060,0.075126525540223)  (0.006972667710436,-0.134666541224260)  (-0.016074556074640,0.035235428359440)  (-0.092464199286503,0.055182681437837)
 (-0.000339506124465,0.071665645139903)  (-0.012977641444044,0.034845983867289)   (0.007603297589088,0.093547092668694) (-0.035636778612874,-0.031912562209996)  (0.157033745427350,-0.075126525552645)  (0.140671064223385,-0.000000000004150)  (0.056854533825141,-0.010479660022368)  (-0.103665597725347,0.099476954779306) (-0.117856769125940,-0.049516278599337)
 (0.035943501036551,-0.019314794931394) (-0.014594910763810,-0.124930851640440) (-0.006145289939963,-0.084559758341478)  (-0.174347555398567,0.046135659395403)   (0.006972667856396,0.134666541266833)   (0.056854533711348,0.010479659947957) (-0.040408792542440,-0.000000000221977) (-0.049981913057702,-0.121411245160481)  (-0.036512783261984,0.007088521287903)
 (0.078675350166319,-0.017015697652143) (-0.039922094759525,-0.001005805814749) (-0.004437206942450,-0.114861281598657)  (0.024867042421568,-0.135855261967181) (-0.016074556163647,-0.035235428579420) (-0.103665597843978,-0.099476954817188)  (-0.049981913197330,0.121411245181604)  (0.061309280354523,-0.000000000053754)  (-0.008190521390757,0.025725440831930)
(-0.014305193140237,-0.064435505413758) (-0.057912760253802,-0.011039469197408) (-0.147414242421652,-0.034130302649008)  (0.031792535770244,-0.010977380384976) (-0.092464199287321,-0.055182681480378)  (-0.117856769167768,0.049516278707920) (-0.036512783337669,-0.007088521309892) (-0.008190521418455,-0.025725440861821)   (0.072098475338651,0.000000000056857)
(-0.004659561443803,-0.000000000026421)   (0.034481122561966,0.052127569183804) (-0.030470382538750,-0.052694081440099)  (0.000422090149048,-0.026834693362424)   (0.210682359651767,0.040651507306441)  (0.080562296186746,-0.016202115121665)   (0.004006091887273,0.018722310708430)  (0.012349017800503,-0.051895706194277)   (0.064134577020728,0.087666840029666)
 (0.034481122619315,-0.052127569205953) (-0.020891956575014,-0.000000000015663)  (-0.008053496387545,0.025122638303628)  (0.061072396421668,-0.031497045689246) (-0.013512059564306,-0.000704728252301)  (0.073292113365981,-0.028330961786818)  (-0.043203538224538,0.050524091321687)  (-0.003101203693052,0.007948980797164)  (0.043717645146818,-0.095201812523306)
 (-0.030470382650516,0.052694081456627) (-0.008053496360431,-0.025122638353827)   (0.148650272533510,0.000000000080642)  (-0.026489898917821,0.053088563465746)  (0.068075299967320,-0.054886652469684)   (0.095684754043299,0.035475302043599)  (0.082572211962155,-0.081277837830982)   (0.085345044643713,0.083094231114211)   (0.048278046158877,0.021340190897742)
  (0.000422090109842,0.026834693383814)   (0.061072396232416,0.031497045646628) (-0.026489898862117,-0.053088563492175)  (-0.100536972239725,0.000000000003599) (-0.076183282403494,-0.026436729859279)  (0.050372283224497,-0.058813815763325)  (-0.039884944609880,0.013873888469301) (-0.017929056424353,-0.107007605977841)   (0.038542823414539,0.035157054904420)
 (0.210682359585906,-0.040651507332508)  (-0.013512059556851,0.000704728144616)   (0.068075299933552,0.054886652567306)  (-0.076183282475122,0.026436729879756)  (-0.041914125985466,0.000000000023713) (-0.065255493948956,-0.064005914020589) (-0.020768835101593,-0.040691736949436)   (0.024463368063339,0.019097837445890)  (-0.103007073928540,0.015123844660241)
  (0.080562296230294,0.016202115145844)   (0.073292113192527,0.028330961857620)  (0.095684754155855,-0.035475302057399)   (0.050372283143834,0.058813815737786)  (-0.065255494016618,0.064005914061759)  (0.072357813616963,-0.000000000012374)  (0.004674644125391,-0.039613994694649) (-0.044612611591195,-0.035841078665209)  (0.013352290903914,-0.025697121946870)
 (0.004006091781313,-0.018722310732270) (-0.043203538284991,-0.050524091423829)   (0.082572211730754,0.081277837939995) (-0.039884944526100,-0.013873888472297)  (-0.020768835095373,0.040691737014490)   (0.004674644093393,0.039613994725319)  (0.047596253519781,-0.000000000001306)  (0.052631610042544,-0.018943197142143) (-0.010330735246757,-0.010325044144413)
  (0.012349017764984,0.051895706149763) (-0.003101203791916,-0.007948980932066)  (0.085345044831388,-0.083094230950459)  (-0.017929056524431,0.107007605940421)  (0.024463367990534,-0.019097837437394)  (-0.044612611444049,0.035841078663578)   (0.052631610081716,0.018943197217515) (-0.067400754454421,-0.000000000077567)   (0.019007971917382,0.026816263672290)
 (0.064134576768414,-0.087666839921343)   (0.043717644989983,0.095201812664544)  (0.048278046169037,-0.021340190860100)  (0.038542823363335,-0.035157054862308) (-0.103007073954788,-0.015123844593533)   (0.013352291007479,0.025697121977056)  (-0.010330735227384,0.010325044144793)  (0.019007971882518,-0.026816263637781)  (-0.033200968969649,0.000000000025377)
 (-0.001108326089332,0.000000000070098)   (0.041289422470528,0.042214318427054)  (-0.055930569669146,0.103267872882488)  (-0.054218782834165,0.000745312354149) (-0.064710305163389,-0.052459896747208)  (0.084853789569256,-0.017546662917639)   (0.011791602972779,0.017239981370218)   (0.144733728063433,0.032765480263694)  (-0.021797821679373,0.024739694597500)
 (0.041289422503024,-0.042214318236229)   (0.015699349304011,0.000000000151584)  (-0.059448776275150,0.094415515760209)   (0.017622377113567,0.010561799580569)  (-0.017276334749463,0.057425677768546)   (0.093236231418959,0.002904596093965)  (0.055632486437571,-0.060859209389408)  (0.035227003364369,-0.052837705795497) (-0.163621506661380,-0.049331379791024)
(-0.055930569696734,-0.103267872802715) (-0.059448776382817,-0.094415515687370) (-0.005289702919363,-0.000000000100809)  (-0.009335967431725,0.031781470357417)  (-0.046270700053767,0.214766310574207)   (0.086361912738597,0.026646153475659)  (0.035202105436575,-0.042357659596707) (-0.024436427401960,-0.021048592457951)  (-0.034466481198391,0.045239621715223)
(-0.054218782857606,-0.000745312365260)  (0.017622377185910,-0.010561799603042) (-0.009335967265539,-0.031781470350140) (-0.016487757095459,-0.000000000022443) (-0.041757727800568,-0.014046819990859)  (0.041745526692014,-0.031415770480241)   (0.067625528576561,0.019592940748844)  (-0.057719759491249,0.019134817973695)  (0.108855804256203,-0.080501362154147)
 (-0.064710305143707,0.052459896817534) (-0.017276334848667,-0.057425677658811) (-0.046270700067076,-0.214766310631688)  (-0.041757727859179,0.014046819846924) (-0.003424914185698,-0.000000000021010) (-0.171145199449377,-0.000755904618536)   (0.076023889190716,0.146281382168750)   (0.029893454465704,0.099885869184320)   (0.049644764339210,0.071991657387531)
  (0.084853789554700,0.017546663100073)  (0.093236231176157,-0.002904596143989)  (0.086361912776951,-0.026646153473139)   (0.041745526642582,0.031415770397000)  (-0.171145199320827,0.000755904600238)  (-0.019513410998581,0.000000000022472)  (-0.010430294105719,0.040484751639288) (-0.002474919024205,-0.014149140894101)   (0.003205679977869,0.072434110910196)
 (0.011791603002500,-0.017239981369242)   (0.055632486415434,0.060859209414349)   (0.035202105449990,0.042357659694207)  (0.067625528705328,-0.019592940749299)  (0.076023889066541,-0.146281382220940) (-0.010430294151110,-0.040484751712948) (-0.062776694442248,-0.000000000074511) (-0.050057963765386,-0.073028678027592) (-0.017969881033758,-0.027885678549846)
 (0.144733727928318,-0.032765480322413)   (0.035227003467626,0.052837705794400)  (-0.024436427404831,0.021048592483950) (-0.057719759549273,-0.019134817970513)  (0.029893454380485,-0.099885869021558)  (-0.002474919011101,0.014149140874856)  (-0.050057963791689,0.073028678103190)   (0.074246596213387,0.000000000010670)   (0.052123814019947,0.097192876314808)
(-0.021797821663349,-0.024739694629715)  (-0.163621506727633,0.049331379775383) (-0.034466481105383,-0.045239621676037)   (0.108855804232352,0.080501362067473)  (0.049644764347856,-0.071991657406903)  (0.003205680178262,-0.072434110952939)  (-0.017969880895960,0.027885678633802)  (0.052123813980042,-0.097192876110795)  (0.018654860204726,-0.000000000036051)
  (0.136360541686926,0.000000000104682)  (-0.052718759595115,0.113687899333752)  (-0.036298480959294,0.017980436572522) (-0.079796567761896,-0.028309607280556) (-0.108661003810791,-0.064748377066456)   (0.051343485434081,0.042900887754247)  (-0.072403059604640,0.078513667135358)  (0.111007885875375,-0.075329296206129)   (0.189754801108841,0.076365115163502)
(-0.052718759579552,-0.113687899244387) (-0.033881119842581,-0.000000000004061) (-0.040446906458812,-0.000261915615223)  (-0.006996624148221,0.016495441160387)   (0.009571663164181,0.127496323147191) (-0.028249654995657,-0.044946285231408) (-0.091035307962929,-0.073522623668246)   (0.043008671664448,0.079573279579286)  (0.183867149930016,-0.041556918706216)
(-0.036298480906142,-0.017980436542248)  (-0.040446906489682,0.000261915641649)  (0.019085561730156,-0.000000000018800)  (0.067254177261185,-0.019614914679606)  (-0.058977783602205,0.053049453564935)  (-0.049936902102651,0.013877586616708)  (-0.072064251930239,0.018479122651995)  (0.105255745957443,-0.066554852431947)  (0.148749723299913,-0.000884782052005)
 (-0.079796567865169,0.028309607251243) (-0.006996624137072,-0.016495441134502)   (0.067254177165233,0.019614914700152) (-0.036782050648305,-0.000000000025437)  (-0.109420437333885,0.012977905650175) (-0.024798396920656,-0.024799777691549) (-0.026624303589707,-0.096671608411524)  (0.044223240794768,-0.030733399707536) (-0.009707667102771,-0.076591946855147)
 (-0.108661003674156,0.064748377171141)  (0.009571663139665,-0.127496323212844) (-0.058977783592859,-0.053049453518541) (-0.109420437369796,-0.012977905666556)   (0.062550149008196,0.000000000009034)   (0.085986861769414,0.090675136457864)   (0.017178141316745,0.090562029215745) (-0.094203113821873,-0.070187135239052) (-0.128674290672588,-0.048405441027323)
 (0.051343485401815,-0.042900887751336)  (-0.028249655103556,0.044946285308417) (-0.049936901998866,-0.013877586597689)  (-0.024798396831883,0.024799777696785)  (0.085986861781822,-0.090675136452767)  (0.010289476832145,-0.000000000040038)   (0.054016966540936,0.042674075993094)   (0.021307969399782,0.006804843698823)  (0.020919224816466,-0.045541051650496)
(-0.072403059542118,-0.078513667114006)  (-0.091035307998791,0.073522623666938) (-0.072064251932612,-0.018479122541666)  (-0.026624303612347,0.096671608429091)  (0.017178141268388,-0.090562029116680)  (0.054016966496345,-0.042674075967700)  (-0.098095069280633,0.000000000054180)   (0.086847048682409,0.022866660968540)  (-0.146104465373863,0.019957222170323)
  (0.111007885866820,0.075329296164733)  (0.043008671778281,-0.079573279543643)   (0.105255745848165,0.066554852273117)   (0.044223240767440,0.030733399730498)  (-0.094203113862507,0.070187135106622)  (0.021307969416964,-0.006804843847895)  (0.086847048798051,-0.022866660875309) (-0.101164339995109,-0.000000000087683)   (0.067209915493193,0.100738804154314)
 (0.189754801228114,-0.076365115188360)   (0.183867149898786,0.041556918704623)   (0.148749723256138,0.000884782123871)  (-0.009707667087137,0.076591946928436)  (-0.128674290784198,0.048405440972380)   (0.020919224924216,0.045541051724385) (-0.146104465317173,-0.019957222362469)  (0.067209915565364,-0.100738804231380)   (0.041636850514197,0.000000000008124)
