(-0.151142760969101,-0.000000000053342)  (0.153996654329448,-0.156392279321591)  (0.185810249333920,-0.052418829568504)  (-0.256167755799163,0.195775373637036)  (-0.006409602432153,0.044838682761473) (-0.190931350419693,-0.162606144113632)   (0.020581970450038,0.181661048681121)   (0.115643828544476,0.000557135758005)   (0.186915185921617,0.161795918507917)
  (0.153996654376285,0.156392279348793)   (0.009517503961376,0.000000000027460) (-0.068003487559244,-0.077296823451537)  (0.232376078285697,-0.077066838284296)  (0.039350318984649,-0.007371699944979) (-0.066166824467856,-0.041064718821041)  (0.058517968557676,-0.075498754984064) (-0.081245609006984,-0.101132368041207) (-0.106234964191543,-0.162884625720544)
  (0.185810249219991,0.052418829625420)  (-0.068003487456705,0.077296823364294)  (-0.034610121623386,0.000000000122297)   (0.121810174111550,0.046983860338324) (-0.042989068897387,-0.026910332500180)  (-0.072852615545219,0.145151709819678)  (0.077131949764420,-0.081749350975216)   (0.028546357458098,0.021462318405858) (-0.093493953715524,-0.076858493569793)
(-0.256167755935631,-0.195775373411781)   (0.232376078203421,0.077066838276584)  (0.121810174116101,-0.046983860228917)  (0.073557187958439,-0.000000000038605)   (0.189601230711060,0.072153776734658)   (0.049379679439769,0.061720419212193) (-0.097796563505437,-0.021597104894352)   (0.059025218894613,0.028153561390448)  (0.167937455271880,-0.065631674584205)
(-0.006409602524776,-0.044838682761495)   (0.039350318976036,0.007371699818084)  (-0.042989068891867,0.026910332407224)  (0.189601230437122,-0.072153776747873)  (0.123099197498482,-0.000000000018400)  (0.026673417475255,-0.136062583167435)  (-0.144883247690991,0.077095026400659)  (-0.042499646655408,0.069486137642658)  (0.152784756296788,-0.035207451806120)
 (-0.190931350403541,0.162606144105911)  (-0.066166824404344,0.041064718719456) (-0.072852615321203,-0.145151709797943)  (0.049379679194131,-0.061720419371699)   (0.026673417467160,0.136062583165440) (-0.197852281246946,-0.000000000112382)  (0.023810789408165,-0.170763834964869)   (0.100955468861910,0.046503232935587)   (0.139969562036605,0.068429047409127)
 (0.020581970167268,-0.181661048663170)   (0.058517968690658,0.075498754904941)   (0.077131949793255,0.081749351219799)  (-0.097796563434448,0.021597104825895) (-0.144883247489271,-0.077095026274866)   (0.023810789471027,0.170763835047434)  (0.066388807328671,-0.000000000018469) (-0.010448974607233,-0.068235568805632)  (-0.098173360064220,0.151456714282691)
 (0.115643828586912,-0.000557135782576)  (-0.081245608862654,0.101132368145459)  (0.028546357384339,-0.021462318456525)  (0.059025218999929,-0.028153561569264) (-0.042499646496844,-0.069486137747686)  (0.100955468838819,-0.046503232965225)  (-0.010448974466975,0.068235568762280)  (-0.073906583682021,0.000000000049683) (-0.126377452275143,-0.073610488572297)
 (0.186915185791658,-0.161795918649793)  (-0.106234964015940,0.162884625799860)  (-0.093493953773796,0.076858493599743)   (0.167937455301247,0.065631674644971)   (0.152784756318405,0.035207451868957)  (0.139969562071004,-0.068429047488390) (-0.098173360030309,-0.151456714315734)  (-0.126377452419597,0.073610488529714)   (0.184949050774485,0.000000000041757)
 (0.232231766184228,-0.000000000124239)  (-0.259573961329233,0.013938995476624)  (0.044364400737307,-0.104045852471313)  (-0.078065848020063,0.085977510879509)  (-0.013512595494900,0.144651904400697)   (0.117667357771573,0.123745670890672)  (0.298340777276971,-0.132066997491523) (-0.063168382939030,-0.087117329650178) (-0.186663631827008,-0.109820500462506)
(-0.259573961179988,-0.013938995374310)   (0.005167734172279,0.000000000082734)  (-0.078269726105214,0.068293372647597) (-0.012141094289358,-0.176711745860220)   (0.076619252072352,0.052764013998712) (-0.095826259549411,-0.131414085635041)  (-0.007345421751412,0.067860133014903)   (0.010069108148763,0.132293205153090)   (0.074024521579456,0.003625871230568)
  (0.044364400724351,0.104045852583277) (-0.078269726138557,-0.068293372745554) (-0.023489857075599,-0.000000000104786) (-0.012269671099037,-0.068861920094993)  (0.017542824485553,-0.007142694545141)  (0.013568366703496,-0.034946394242398)  (-0.124827448936983,0.123061435083326)  (0.026009601342903,-0.053481133274224)   (0.083523370731755,0.118960781787074)
(-0.078065847849028,-0.085977511044398)  (-0.012141094275778,0.176711745848667)  (-0.012269670982535,0.068861920279367)  (-0.292154115572687,0.000000000122704) (-0.080067274665532,-0.121460696273554)  (0.051684526228628,-0.068110855560688) (-0.031674133720374,-0.081639816591524) (-0.119935120962494,-0.052903092300315)  (-0.409202618045576,0.213824978460718)
(-0.013512595566214,-0.144651904262054)  (0.076619252110547,-0.052764014156664)   (0.017542824463536,0.007142694654161)  (-0.080067274608816,0.121460696396843)  (-0.054783355933689,0.000000000035319)  (-0.106134967560653,0.003217497729781) (-0.031087865936250,-0.006734437663246)   (0.078226006905444,0.060552792934292)   (0.136594256236300,0.291904450319024)
 (0.117667357750114,-0.123745670957768)  (-0.095826259711242,0.131414085664778)   (0.013568366767244,0.034946394240173)   (0.051684525987091,0.068110855464680) (-0.106134967620585,-0.003217497378883)  (0.200536737745150,-0.000000000034219) (-0.146031402500055,-0.102859727918493) (-0.105457791041808,-0.112859530535664)  (-0.019736264295703,0.171905304431442)
  (0.298340777158724,0.132066997445888) (-0.007345421565291,-0.067860133109982) (-0.124827449039209,-0.123061434969672)  (-0.031674133790592,0.081639816578311)  (-0.031087866060941,0.006734437679318)  (-0.146031402645993,0.102859727814083)   (0.054484637975905,0.000000000108432) (-0.017917477064573,-0.076974182532019) (-0.133106287825651,-0.017122800059933)
 (-0.063168383044178,0.087117329746995)  (0.010069108125527,-0.132293205191420)   (0.026009601232818,0.053481133230571)  (-0.119935120861989,0.052903092284262)  (0.078226006822051,-0.060552792944678)  (-0.105457791079617,0.112859530557388)  (-0.017917477086972,0.076974182504337) (-0.030960530749076,-0.000000000033988)  (0.216790583534795,-0.001856502255317)
 (-0.186663631862455,0.109820500395345)  (0.074024521547889,-0.003625871349846)  (0.083523370648953,-0.118960781830884) (-0.409202617882721,-0.213824978513506)  (0.136594256089347,-0.291904450445599) (-0.019736264387622,-0.171905304315390)  (-0.133106287734440,0.017122799991920)   (0.216790583691087,0.001856502268197) (-0.091033016746511,-0.000000000051957)
 (0.056767718354762,-0.000000000060148) (-0.107335268558471,-0.028987034657066)  (-0.045785775304966,0.127982616680980)  (-0.257034951496596,0.079829934202713) (-0.160255126042499,-0.339166709000861) (-0.108817400263426,-0.062022818675687)  (0.123089417214817,-0.059823969788811) (-0.040262292110508,-0.083394625318142)  (-0.389802401783037,0.255164396139483)
 (-0.107335268754226,0.028987034862563)  (0.214837053153424,-0.000000000210129)  (0.044375578538488,-0.061711660655601)  (0.047111398416827,-0.060816657307252)   (0.111656549544574,0.212087021209087)  (-0.150474102428745,0.112132507449296) (-0.043608924022292,-0.136705464120875)  (0.152668066537428,-0.028402597938449)  (0.230635263397683,-0.146194577481247)
(-0.045785775271044,-0.127982616611837)   (0.044375578386348,0.061711660486744) (-0.216755664587142,-0.000000000022687)  (0.121762028520663,-0.272682875897763)   (0.110333336322839,0.167795158279786)  (0.159347042658774,-0.019095983109565) (-0.111905850707354,-0.084827604710609)  (0.032853689968270,-0.052247138037648)  (0.131775658467935,-0.114891065008881)
(-0.257034951590989,-0.079829934246514)   (0.047111398340318,0.060816657321044)   (0.121762028625310,0.272682875831732)  (-0.090466494654587,0.000000000048942) (-0.031415327844582,-0.166923100998815) (-0.119958368713382,-0.015784784050111)  (-0.005615145068590,0.079664811074420)   (0.034741439087615,0.118001909715215)   (0.170269562399288,0.310521860558900)
 (-0.160255125806897,0.339166708913927)  (0.111656549411706,-0.212087021370103)  (0.110333336492528,-0.167795158221545)  (-0.031415327866515,0.166923101114160)  (-0.027854114338679,0.000000000033257) (-0.131419864938176,-0.028670914605950) (-0.017852721103631,-0.011813260975741)   (0.058921140527536,0.089854047211884)   (0.198186724255065,0.191878010067780)
 (-0.108817400017402,0.062022818820959) (-0.150474102265814,-0.112132507418257)   (0.159347042642629,0.019095983102057)  (-0.119958368669917,0.015784783954996)  (-0.131419865061531,0.028670914446963)   (0.190681078927980,0.000000000043189)   (0.056024602345624,0.056751370089110)  (-0.050061965257977,0.012183218260096)   (0.050920831351928,0.265064750953348)
  (0.123089417272879,0.059823969757286)  (-0.043608924066845,0.136705464298177)  (-0.111905850643756,0.084827604782688) (-0.005615145177269,-0.079664810926449)  (-0.017852721253166,0.011813261037473)  (0.056024602427907,-0.056751370107816)  (-0.219316454765326,0.000000000003434) (-0.020753669961496,-0.098093783595149)  (-0.123765141341320,0.178025354510138)
 (-0.040262292240902,0.083394625235873)   (0.152668066666419,0.028402597980501)   (0.032853690079832,0.052247138112334)  (0.034741439007223,-0.118001909735429)  (0.058921140579396,-0.089854047190409) (-0.050061965370288,-0.012183218381431)  (-0.020753670089362,0.098093783594185)   (0.041566061883625,0.000000000040646) (-0.060663948191301,-0.328900323940946)
(-0.389802401747124,-0.255164396345778)   (0.230635263576442,0.146194577676012)   (0.131775658365102,0.114891064959706)  (0.170269562547876,-0.310521860634557)  (0.198186724314011,-0.191878010288681)  (0.050920831366259,-0.265064751126801) (-0.123765141567634,-0.178025354531568)  (-0.060663948169772,0.328900323965467)   (0.050540816025942,0.000000000123496)
 (-0.291117857253995,0.000000000068376) (-0.060248761166958,-0.018759256324913) (-0.139521966289465,-0.022070145989190)  (-0.274342749615053,0.136427179402346)   (0.021181796278808,0.213165193651273)  (0.121478982515407,-0.064433589478391)   (0.031066215995557,0.064907832538768) (-0.062191376013377,-0.081046906245852)   (0.048590128210142,0.174317035952189)
 (-0.060248760939796,0.018759256252876)   (0.227698466928977,0.000000000035773)   (0.119660569007265,0.205834640500125)  (0.087842539684207,-0.228882211406076)  (0.068437836287992,-0.247289412485556) (-0.040677957096233,-0.112852529609425)  (-0.261061210806495,0.013789689668457)  (-0.012741858395683,0.075578319278830)  (-0.001021436121227,0.015402980623217)
 (-0.139521966397999,0.022070146080398)  (0.119660568958417,-0.205834640483684)   (0.015050770089944,0.000000000056506)  (-0.042916934628438,0.015817174579186)  (-0.118313123640608,0.033397107773605)   (0.020981320832609,0.122133454157172) (-0.113974443907889,-0.039066773077901)  (-0.012127207039806,0.113223981010986) (-0.068348660960292,-0.053187878252214)
(-0.274342749650568,-0.136427179457858)   (0.087842539738570,0.228882211558896) (-0.042916934723022,-0.015817174536900) (-0.050001747200807,-0.000000000122968)  (0.243668915738082,-0.035209637158696)  (0.080694953841658,-0.180343002077992)  (0.102072391496358,-0.083093769212220)  (-0.091058637305977,0.106920901903168) (-0.013772326226615,-0.135130499419895)
 (0.021181796216050,-0.213165193705269)   (0.068437836341355,0.247289412456455) (-0.118313123639953,-0.033397107879604)   (0.243668915719677,0.035209636938542)   (0.138776226585115,0.000000000000160) (-0.033262056215339,-0.003901734785830) (-0.048348460462350,-0.036785742669017)  (-0.055598839612274,0.120103380052228)   (0.075990074194961,0.090628855695880)
  (0.121478982274350,0.064433589460964)  (-0.040677956883452,0.112852529693548)  (0.020981320868691,-0.122133454085427)   (0.080694953666534,0.180343002034247)  (-0.033262056158681,0.003901734510601) (-0.013534292805590,-0.000000000094387)  (0.180820520836393,-0.183353770559910)  (-0.019810475728235,0.014449749781361)  (0.170645799155669,-0.024023973076150)
 (0.031066215963475,-0.064907832542032) (-0.261061210789587,-0.013789689607214)  (-0.113974443912487,0.039066773084775)   (0.102072391559046,0.083093769021457)  (-0.048348460483239,0.036785742565973)   (0.180820521011201,0.183353770590297)  (0.048366125282910,-0.000000000114403)  (0.016663314790414,-0.037421524446070) (-0.135351385740766,-0.077113424064396)
 (-0.062191375769565,0.081046906260532) (-0.012741858437572,-0.075578319337581) (-0.012127207180969,-0.113223980833505) (-0.091058637371969,-0.106920902040805) (-0.055598839780360,-0.120103379936027) (-0.019810475815205,-0.014449749765588)   (0.016663314732583,0.037421524511399)  (0.047903903882825,-0.000000000054778)  (-0.229429058866129,0.040077474993727)
 (0.048590128418942,-0.174317035802119) (-0.001021436302303,-0.015402980591208)  (-0.068348661006523,0.053187878380809)  (-0.013772326327569,0.135130499664034)  (0.075990074100047,-0.090628855636585)   (0.170645799391422,0.024023973361449)  (-0.135351385657265,0.077113424070673) (-0.229429058914411,-0.040077475034240)  (-0.123141595509379,0.000000000225722)
  (0.191334228108809,0.000000000003541)   (0.046608736866017,0.229816931346840)   (0.043081269540497,0.075021535134518) (-0.137464964218278,-0.011523558642728) (-0.052120538000499,-0.044169238949026)  (0.123299177257521,-0.170078872023492) (-0.054727801694729,-0.061334021425044)   (0.005870388145484,0.152527190295905)  (-0.012006960765968,0.029142765562351)
 (0.046608736689630,-0.229816931527436)   (0.014301978836403,0.000000000089360)  (0.100446194607363,-0.091372775344386)  (0.161708458589761,-0.073691159404255)   (0.144661817575078,0.093448548719939)  (-0.126186218317325,0.018309445749981)   (0.045353649667528,0.042424367203009) (-0.057570148919823,-0.018408028420628)  (0.009533643734138,-0.100339312629915)
 (0.043081269539997,-0.075021535005062)   (0.100446194630916,0.091372775193655) (-0.060722969334799,-0.000000000069104)   (0.274374511780343,0.026574838214590)  (0.029746433460460,-0.081486060487950)   (0.047269494490969,0.140512424653629) (-0.011456618827925,-0.042064553707284) (-0.114152670197204,-0.032440266616967)  (-0.046515237861462,0.064265671154290)
 (-0.137464964201375,0.011523558554503)   (0.161708458596020,0.073691159611224)  (0.274374511781616,-0.026574838101319) (-0.096754716327551,-0.000000000080173) (-0.139693756027137,-0.037717315566042)  (0.082745502254462,-0.332769926010117)  (0.013096727678504,-0.008631364207923)   (0.139592794398655,0.114270082834984)   (0.219943722163678,0.048486624553984)
 (-0.052120538167828,0.044169238987391)  (0.144661817729600,-0.093448548669844)   (0.029746433642368,0.081486060521816)  (-0.139693756172086,0.037717315331622)  (-0.045765321728303,0.000000000003270) (-0.217538334309082,-0.152054691672333)  (-0.011910643663402,0.158000449083881)  (0.067243978847436,-0.064982333384829)  (-0.017247676570893,0.037752210805105)
  (0.123299177448440,0.170078871937646) (-0.126186218330787,-0.018309445869451)  (0.047269494460484,-0.140512424644447)   (0.082745502180623,0.332769925854073)  (-0.217538334304762,0.152054691528541)  (-0.036705314160294,0.000000000000747)  (0.111903595352725,-0.069984419051999) (-0.002578868500994,-0.001258410238460)  (-0.022384019542860,0.178008060307805)
 (-0.054727801650310,0.061334021533288)  (0.045353649726986,-0.042424367151903)  (-0.011456618842495,0.042064553740549)   (0.013096727739644,0.008631364166531) (-0.011910643662787,-0.158000449069707)   (0.111903595378009,0.069984419038394) (-0.076184874478322,-0.000000000002096)  (-0.070652913406648,0.080119285826981)  (0.160759735039858,-0.023704951109457)
 (0.005870388062314,-0.152527190273633)  (-0.057570148990002,0.018408028379455)  (-0.114152670194454,0.032440266553983)  (0.139592794461357,-0.114270082832433)   (0.067243979070049,0.064982333363686)  (-0.002578868374611,0.001258410215116) (-0.070652913353988,-0.080119285896757)  (-0.194180224633523,0.000000000032256) (-0.017127354746473,-0.009223211936176)
(-0.012006960743094,-0.029142765550058)   (0.009533643804135,0.100339312805279) (-0.046515237920893,-0.064265670992717)  (0.219943722158501,-0.048486624525620) (-0.017247676573314,-0.037752210898008) (-0.022384019291555,-0.178008060254385)   (0.160759734762225,0.023704951101936)  (-0.017127354692846,0.009223211770899)   (0.304677213717580,0.000000000022200)
  (0.134845093675802,0.000000000068128) (-0.082710818653307,-0.024714513226751)  (0.053277137655531,-0.002148195786425)   (0.117608248212770,0.327606206583950)  (-0.286817032523258,0.149710703712548)   (0.282584408600899,0.185912824100294) (-0.033435466956054,-0.016374277644685) (-0.042873984925385,-0.201035175325556)   (0.281810222109358,0.166745033060434)
 (-0.082710818697471,0.024714513055469)   (0.027773492403515,0.000000000081794)   (0.002156583064194,0.068684445974217) (-0.239825656974371,-0.234079719709172)  (0.211718161283738,-0.081862420213009) (-0.112413774998345,-0.110360334162582)  (0.056134601960548,-0.056090734482763)   (0.054834548254830,0.035443153096440) (-0.191938532444821,-0.176876528949554)
  (0.053277137461964,0.002148196002371)  (0.002156583122388,-0.068684446018923) (-0.106113373723387,-0.000000000133561) (-0.204417706988427,-0.060274447695834)   (0.116275403474592,0.052497745199026)  (-0.222416584281563,0.062362200013603)   (0.078242389433188,0.033572128272350)  (0.052938917821657,-0.088501448926604) (-0.163138511088176,-0.278164040116684)
 (0.117608248311006,-0.327606206530525)  (-0.239825657184108,0.234079719627845)  (-0.204417707081049,0.060274447580086)  (0.198381098741820,-0.000000000083505)  (-0.089970640059536,0.207576172749993)   (0.409054008144150,0.133442047772487)  (0.238100261749770,-0.035093721655427) (-0.243265153392333,-0.113294056346193)  (-0.054150876716292,0.036568123361458)
(-0.286817032637590,-0.149710703634432)   (0.211718161383086,0.081862420104256)  (0.116275403220170,-0.052497745396165) (-0.089970640107779,-0.207576172577383)  (0.055349972903721,-0.000000000077933)  (0.068478363449213,-0.364713125570074)   (0.025472127734407,0.071955411043271)   (0.063343508821403,0.098596028942087)   (0.042726754707738,0.074644524048561)
 (0.282584408435917,-0.185912823868988)  (-0.112413774887234,0.110360333953392) (-0.222416584172467,-0.062362200006608)  (0.409054008026037,-0.133442047629128)   (0.068478363422184,0.364713125696954)   (0.007725484910558,0.000000000052918) (-0.100128150731390,-0.090058339335615) (-0.000393282980402,-0.077466477695900)   (0.271123885210837,0.030120910131257)
 (-0.033435467131901,0.016374277579259)   (0.056134602025459,0.056090734410982)  (0.078242389266694,-0.033572128136477)   (0.238100261710025,0.035093721789940)  (0.025472127696655,-0.071955410996064)  (-0.100128150564694,0.090058339277833)  (-0.068218228220892,0.000000000067399)  (-0.012874664118353,0.044461169676524)  (-0.003826464293295,0.013872928609645)
 (-0.042873984732694,0.201035175353470)  (0.054834548094204,-0.035443153052020)   (0.052938917858553,0.088501448871813)  (-0.243265153370495,0.113294056427087)  (0.063343508828706,-0.098596028908776)  (-0.000393282937873,0.077466477799187) (-0.012874664064963,-0.044461169617715)  (-0.030932481129091,0.000000000016294)  (-0.236221256307737,0.098546052584583)
 (0.281810222095332,-0.166745033280315)  (-0.191938532356927,0.176876529224672)  (-0.163138511096465,0.278164040015398) (-0.054150876609342,-0.036568123269929)  (0.042726754609082,-0.074644524015886)  (0.271123885170606,-0.030120910238046) (-0.003826464454901,-0.013872928669929) (-0.236221256281895,-0.098546052495765)  (-0.218811059562045,0.000000000008466)
(-0.096487612760333,-0.000000000039627)  (0.049298083939335,-0.096427388194222)   (0.276232676125122,0.046915181782952) (-0.075049588479625,-0.160681983693923) (-0.236312795562833,-0.125114059095646) (-0.124145641267434,-0.267189606684562)   (0.026975554398639,0.098596959053145)  (-0.027060125927561,0.121745325485183)   (0.100810755739196,0.007707020534444)
  (0.049298083840335,0.096427388200152)  (-0.235892922622059,0.000000000142831) (-0.062530400655406,-0.019736418959472)   (0.064374381247051,0.163678347437949)   (0.149554841161736,0.031750319928412)  (-0.036361944785089,0.196305931924602)  (0.013630899968692,-0.090917566158849) (-0.028373536344676,-0.134341030926329) (-0.086835403274991,-0.053526129002605)
 (0.276232676195359,-0.046915181849428)  (-0.062530400802382,0.019736418900729)  (-0.203831922076181,0.000000000089683)  (-0.108041002800679,0.168321574022421)  (-0.185673527611001,0.032148659651797)  (-0.049516997788552,0.142641461801415) (-0.065986269078206,-0.119351427506395) (-0.012200550389820,-0.154930668797440)  (-0.203761391041164,0.192597542112147)
 (-0.075049588705600,0.160681983873080)  (0.064374381369133,-0.163678347584988) (-0.108041002687637,-0.168321573939486)  (0.142580893113860,-0.000000000145919)  (-0.166548749009111,0.093317248267612)  (-0.162296559978447,0.007138048023686)  (-0.095553371081569,0.137608561685262)  (0.140755928396393,-0.049009618796544)  (0.180738428173474,-0.070207055868875)
 (-0.236312795578331,0.125114059312069)  (0.149554841366658,-0.031750319990683) (-0.185673527557477,-0.032148659531935) (-0.166548749115211,-0.093317248579005)  (0.005764204834876,-0.000000000141966)  (-0.215697465773336,0.016473962541525)  (0.064430342944713,-0.073896403522028) (-0.036009437694149,-0.161423413660181) (-0.107303211189208,-0.086255383857141)
 (-0.124145641254262,0.267189606500511) (-0.036361944714835,-0.196305931923361) (-0.049516997677418,-0.142641461382294) (-0.162296559814636,-0.007138048277215) (-0.215697465695457,-0.016473962436502)  (0.106240053680545,-0.000000000116251)  (-0.069609884103104,0.032869521143267)   (0.163860338811243,0.063757979432032) (-0.032848961409610,-0.078249239550030)
 (0.026975554444131,-0.098596958951367)   (0.013630899849436,0.090917566046220)  (-0.065986269171316,0.119351427409463) (-0.095553370961530,-0.137608561577376)   (0.064430343215674,0.073896403680863) (-0.069609884132926,-0.032869521136284)   (0.065898301365884,0.000000000023630)  (-0.055205781272614,0.048302787816616)  (0.094930295229474,-0.094780541195663)
(-0.027060125902159,-0.121745325385262)  (-0.028373536353115,0.134341031093430)  (-0.012200550207098,0.154930668556778)   (0.140755928338471,0.049009618915655)  (-0.036009437636614,0.161423413525197)  (0.163860338749451,-0.063757979459490) (-0.055205781331919,-0.048302787868426)  (-0.119239073146255,0.000000000120174)  (-0.058071219141697,0.050470350309757)
 (0.100810755644694,-0.007707020585495)  (-0.086835403271706,0.053526129083138) (-0.203761390979209,-0.192597542177745)   (0.180738428163373,0.070207055902350)  (-0.107303211163744,0.086255383796162)  (-0.032848961569792,0.078249239318392)   (0.094930295315064,0.094780541177901) (-0.058071219245359,-0.050470350140509)   (0.334968077609663,0.000000000067445)
  (0.030562473423904,0.000000000003303) (-0.198885611560772,-0.282888477116897) (-0.068384485682174,-0.049643589636274)  (0.051381349012037,-0.171481604933674)   (0.152511436953635,0.122869940724990)   (0.006061276807951,0.009988292996027)   (0.008579829959553,0.157398066105640)  (-0.191281309554522,0.029743827134055)  (0.066882187764264,-0.201196142947308)
 (-0.198885611540348,0.282888477174882)  (0.069897779213901,-0.000000000022692)  (0.117173634918516,-0.012027346367950)  (-0.060419283185427,0.234399480206850) (-0.111428521946934,-0.150347508612407) (-0.144673204543874,-0.142520910623932)  (-0.127288295696643,0.072345037097971)   (0.161981587522869,0.096796058485576)   (0.069369020553325,0.107473187894901)
 (-0.068384485776043,0.049643589487640)   (0.117173634958151,0.012027346300466)  (0.265493352483792,-0.000000000010387) (-0.077051282208941,-0.063765900205621) (-0.058043255924269,-0.100246668025938) (-0.147607400069018,-0.178226430588546) (-0.039800646964184,-0.001920296880519)   (0.155239522228530,0.192263949438707)  (0.081984190077005,-0.150201223594781)
  (0.051381348852283,0.171481604867079) (-0.060419283207446,-0.234399480163038)  (-0.077051282291510,0.063765900361036) (-0.470728584593419,-0.000000000220739)  (0.019078642600533,-0.142142466935962)  (-0.124315098663872,0.118482556800400)   (0.156240636144427,0.051674778518570)  (0.070370026029857,-0.048568598764796) (-0.146086645586482,-0.021469846308553)
 (0.152511437046400,-0.122869940807569)  (-0.111428521943163,0.150347508611139)  (-0.058043255970083,0.100246668037739)   (0.019078642514930,0.142142466853100)  (-0.095201778724036,0.000000000195010)  (0.273087636266659,-0.027046768246906) (-0.024529958603850,-0.145037910869758) (-0.213229819047701,-0.030711625577108) (-0.091390938197141,-0.015455547205674)
 (0.006061276763034,-0.009988293089861)  (-0.144673204563307,0.142520910600397)  (-0.147607399866944,0.178226430519889) (-0.124315098831066,-0.118482556861697)   (0.273087636132346,0.027046768224271)  (0.086028512991299,-0.000000000047975)  (-0.026262007814847,0.039275956298828) (-0.049469760826663,-0.066172483544231)  (0.008927554715336,-0.178005859863779)
 (0.008579829945151,-0.157398066113695) (-0.127288295859003,-0.072345037117973)  (-0.039800647055450,0.001920296836403)  (0.156240636149509,-0.051674778443180)  (-0.024529958771121,0.145037910676190) (-0.026262007804859,-0.039275956035346)  (0.126514767733333,-0.000000000015917)  (-0.027787519684516,0.022811078168117)   (0.025192281733159,0.031736793539283)
(-0.191281309915299,-0.029743826827993)  (0.161981587679221,-0.096796058673075)  (0.155239522228622,-0.192263949358935)   (0.070370026157312,0.048568598555330)  (-0.213229818968138,0.030711625354630)  (-0.049469760843586,0.066172483500324) (-0.027787519632359,-0.022811078093306)   (0.159828597968550,0.000000000028207) (-0.051191754583349,-0.007339235699826)
  (0.066882187798845,0.201196142636493)  (0.069369020485537,-0.107473187730538)   (0.081984189964555,0.150201223711351)  (-0.146086645319726,0.021469846053234)  (-0.091390938178336,0.015455547006820)   (0.008927555004906,0.178005860004235)  (0.025192281791134,-0.031736793499890)  (-0.051191754659881,0.007339235746128)  (-0.172395120497324,0.000000000091190)
  (0.073934581661433,0.000000000016206)  (-0.156033001189393,0.102469868917049)  (-0.006942034143910,0.097054995686336)   (0.373403468779633,0.056896262127217)   (0.150825514417618,0.171941781226006)  (0.058761567244239,-0.148634094601549)  (-0.100488388418453,0.043677607308744)  (-0.118711482751415,0.011748149869055)   (0.068188765108568,0.000705290989013)
(-0.156033001000717,-0.102469868830616)  (0.149043609527265,-0.000000000053492)   (0.038097868984924,0.021121662191435) (-0.241752316548330,-0.092393467477187) (-0.115257378616683,-0.289620666119800)   (0.038935692268431,0.224461146603864)  (0.089304988210520,-0.057670130319194)  (-0.031163147913586,0.008457375383925) (-0.230541618452029,-0.068611916098729)
(-0.006942034177189,-0.097054995699699)  (0.038097869037021,-0.021121662314995) (-0.076580264114015,-0.000000000034306)   (0.014069000393261,0.209104036305358)  (-0.004860599059316,0.075387938270556)  (-0.044436922001228,0.005605908748345)  (0.003663691375407,-0.006795591850844)  (-0.077186746314312,0.055478347191791)  (-0.127521565321948,0.194849980320978)
 (0.373403468861156,-0.056896262302341)  (-0.241752316629484,0.092393467341512)  (0.014069000376422,-0.209104036241234)   (0.305379081026695,0.000000000088057)   (0.052252261781749,0.131074195214287)  (-0.085816654522900,0.137286179414255)   (0.128741492973428,0.029045958811063)  (-0.111994049259064,0.051718749809502)  (0.169204857626925,-0.010312991981824)
 (0.150825514400618,-0.171941781298457)  (-0.115257378424899,0.289620666205235) (-0.004860598982551,-0.075387938432111)  (0.052252261812328,-0.131074195269753)  (-0.104660406549470,0.000000000008937) (-0.024462537615986,-0.102191190608440)  (0.115382328905825,-0.120578331110078)  (0.093493079154803,-0.051323764169310)   (0.029662973254698,0.073552833101528)
  (0.058761567106956,0.148634094515989)  (0.038935692232892,-0.224461146589908) (-0.044436921981654,-0.005605908855169) (-0.085816654638969,-0.137286179314040)  (-0.024462537600225,0.102191190535612)  (-0.284514795651879,0.000000000009802)  (-0.085347552951610,0.062034473168950)  (0.035030675805963,-0.034862179393741)  (0.083191456262921,-0.041920166731336)
(-0.100488388443767,-0.043677607443944)   (0.089304988277467,0.057670130484343)   (0.003663691313395,0.006795591798503)  (0.128741493061697,-0.029045958789709)   (0.115382329085126,0.120578331157761) (-0.085347552837610,-0.062034473207598)   (0.088660051396484,0.000000000009748)  (-0.022579244099406,0.128262670547827)   (0.088402752228302,0.177538927535580)
(-0.118711482842034,-0.011748149897703) (-0.031163147944981,-0.008457375480440) (-0.077186746172001,-0.055478346918472) (-0.111994049198730,-0.051718749916546)   (0.093493079058842,0.051323764088479)   (0.035030675789821,0.034862179439344) (-0.022579244048155,-0.128262670546892)   (0.111689771442020,0.000000000050521)  (-0.059997413104488,0.104577588467102)
 (0.068188765155363,-0.000705291048643)  (-0.230541618503633,0.068611916129845) (-0.127521565453657,-0.194849980230994)   (0.169204857773376,0.010312991993301)  (0.029662973129851,-0.073552833255809)   (0.083191456532393,0.041920166653280)  (0.088402752044828,-0.177538927433120) (-0.059997413071951,-0.104577588552766) (-0.262951628738533,-0.000000000095473)
