-1.639717358390237 -1.164320358879190
-1.164320358879190  1.639717358390237
 1.197503821230762  0.016190735975245
 0.016190735975245 -1.197503821230762
 0.818979978671285  0.043901842623765
 0.043901842623765 -0.818979978671285
 0.408737523677429 -0.401974298763965
-0.401974298763965 -0.408737523677429
-0.131411459878611 -0.084338565861406
-0.084338565861406  0.131411459878611
 2.273806892315443 -0.975058632383211
-0.975058632383211 -2.273806892315443
-0.029802977326999  0.456531836779054
 0.456531836779054  0.029802977326999
 1.746031663497183  1.395304261616480
 1.395304261616480 -1.746031663497183
 0.622930989561781  0.825960072201830
 0.825960072201830 -0.622930989561781
