 -0.145877883817780 -53.970896741233616
-53.970896741233616   0.145877883817780
 15.127667930293804 -20.403818977580464
-20.403818977580464 -15.127667930293804
  9.754711163046199 -11.599965796320273
-11.599965796320273  -9.754711163046199
 12.501814763068785 -36.188262073484609
-36.188262073484609 -12.501814763068785
-0.173283886752036 -3.681857338796592
-3.681857338796592  0.173283886752036
  46.836962651992749 -110.873670049345279
-110.873670049345279  -46.836962651992749
-8.605083392560253 33.276915017705370
33.276915017705370  8.605083392560253
-2.644817615346352 68.621391333422139
68.621391333422139  2.644817615346352
-6.853138356080287 48.015897960800416
48.015897960800416  6.853138356080287
