-0.056245844703492  0.001356351864367
 0.001356351864367  0.056245844703492
 0.015975061736845  0.034876340247364
 0.034876340247364 -0.015975061736845
 0.013880432718658 -0.010678108433782
-0.010678108433782 -0.013880432718658
 0.022599896703370  0.005761961827653
 0.005761961827653 -0.022599896703370
-0.048902873534215  0.053343376405020
 0.053343376405020  0.048902873534215
 0.007594265401415 -0.002029894266210
-0.002029894266210 -0.007594265401415
-0.017845386525361  0.001007035707683
 0.001007035707683  0.017845386525361
 0.064726822237358 -0.011595260178517
-0.011595260178517 -0.064726822237358
-0.010494172308828  0.013434790313888
 0.013434790313888  0.010494172308828
