-0.402766139163627  0.791946208942910
 0.791946208942910  0.402766139163627
 0.566995110027190 -2.007197868751906
-2.007197868751906 -0.566995110027190
-0.025088267670158  0.257012532123267
 0.257012532123267  0.025088267670158
 0.099179479481174 -0.380463356459348
-0.380463356459348 -0.099179479481174
 0.212463433958864  0.157737036530983
 0.157737036530983 -0.212463433958864
 0.512519618129192 -0.566831923193478
-0.566831923193478 -0.512519618129192
 0.084114939916275  0.069087252562620
 0.069087252562620 -0.084114939916275
-0.150010802716739  0.318698911035922
 0.318698911035922  0.150010802716739
 0.262680767665279 -0.775643042945658
-0.775643042945658 -0.262680767665279
