 0.111671243097754  0.083749685556843
 0.083749685556843 -0.111671243097754
-0.088934820554404 -0.219247366145379
-0.219247366145379  0.088934820554404
-0.010774544244776  0.036667189186042
 0.036667189186042  0.010774544244776
-0.055104203098704 -0.068611547225766
-0.068611547225766  0.055104203098704
 0.012447555208859 -0.216337978846461
-0.216337978846461 -0.012447555208859
-0.012081080735357 -0.001070916513522
-0.001070916513522  0.012081080735357
 0.034494676053141  0.023374922268491
 0.023374922268491 -0.034494676053141
-0.112227031208782 -0.040755546730000
-0.040755546730000  0.112227031208782
-0.000554257749482 -0.057442688765719
-0.057442688765719  0.000554257749482
