  (0.053934381861652,0.000000000000000)  (-0.000051007970925,0.089747307531370)  (-0.328067471231113,0.144721453019793)  (0.131180673362382,-0.154584191206551)  (0.013552466473190,-0.118378349241998)  (0.062200235733252,-0.206030307230160)  (-0.009881929044470,0.029051893383816)  (0.017354852836243,-0.296261767521625)  (0.073245440646542,-0.145311653680639)
(-0.000051007970925,-0.089747307531370)  (-0.075045157472814,0.000000000000000)  (-0.287969714994819,0.273206667897269)  (-0.124207353196295,0.042071772932197) (-0.117821566607850,-0.182857232572322)  (0.011699605737711,-0.052186574227614)   (0.071267632686934,0.084755549282869) (-0.343558476427022,-0.040733201080082)  (-0.140789571691628,0.083254923565827)
(-0.328067471231113,-0.144721453019793) (-0.287969714994819,-0.273206667897269)   (0.052898964516874,0.000000000000000)  (0.149605051423403,-0.047852719119364)  (0.020493598026902,-0.108447736213176) (-0.225777785832529,-0.218647527678650)  (0.100643617998183,-0.027797807175680) (-0.218544913900022,-0.133846270253775) (-0.060253840857521,-0.059520005356789)
  (0.131180673362382,0.154584191206551) (-0.124207353196295,-0.042071772932197)   (0.149605051423403,0.047852719119364)   (0.163505510023659,0.000000000000000)   (0.199295871271025,0.168823614439669)   (0.025469209805037,0.140384400620375)  (-0.363823001426093,0.065701330554559)  (0.289029949027124,-0.039770637147247)  (0.008391666481317,-0.068625533163814)
  (0.013552466473190,0.118378349241998)  (-0.117821566607850,0.182857232572322)   (0.020493598026902,0.108447736213176)  (0.199295871271025,-0.168823614439669)  (-0.049471553639932,0.000000000000000)   (0.141856483288170,0.201646999364267)  (-0.306341659129567,0.118996681025435)  (0.053380694122647,-0.071866234282333)  (-0.164235255208193,0.008365764534625)
  (0.062200235733252,0.206030307230160)   (0.011699605737711,0.052186574227614)  (-0.225777785832529,0.218647527678650)  (0.025469209805037,-0.140384400620375)  (0.141856483288170,-0.201646999364267)  (-0.030060231313467,0.000000000000000) (-0.143576402153677,-0.111551391402096)  (0.147034146038943,-0.334363355584238)  (-0.079197208234976,0.034423733965288)
(-0.009881929044470,-0.029051893383816)  (0.071267632686934,-0.084755549282869)   (0.100643617998183,0.027797807175680) (-0.363823001426093,-0.065701330554559) (-0.306341659129567,-0.118996681025435)  (-0.143576402153677,0.111551391402096)  (-0.063831968813412,0.000000000000000) (-0.037186686368812,-0.274757809601835) (-0.112655168743020,-0.055122050784927)
  (0.017354852836243,0.296261767521625)  (-0.343558476427022,0.040733201080082)  (-0.218544913900022,0.133846270253775)   (0.289029949027124,0.039770637147247)   (0.053380694122647,0.071866234282333)   (0.147034146038943,0.334363355584238)  (-0.037186686368812,0.274757809601835)  (-0.032441176983086,0.000000000000000)   (0.076713251956309,0.008746854065152)
  (0.073245440646542,0.145311653680639) (-0.140789571691628,-0.083254923565827)  (-0.060253840857521,0.059520005356789)   (0.008391666481317,0.068625533163814) (-0.164235255208193,-0.008365764534625) (-0.079197208234976,-0.034423733965288)  (-0.112655168743020,0.055122050784927)  (0.076713251956309,-0.008746854065152) (-0.019488768179474,-0.000000000000000)
 (-0.015610234409439,0.000000000000000)  (0.373412651130948,-0.132666927687503) (-0.030687517877682,-0.135650949231613) (-0.160428655067044,-0.033561113045655)  (0.029616495771935,-0.032993967444708)  (-0.065042276451786,0.250509338902981)  (-0.007028975593882,0.028799462840584)  (0.033534352408442,-0.126390532932246)  (-0.136289732796121,0.083452499015382)
  (0.373412651130948,0.132666927687503)   (0.134336883772066,0.000000000000000)   (0.141059765702183,0.054093919567492) (-0.007968476979233,-0.240188146134388)  (0.162706988054162,-0.425744343333236)  (-0.172390958632404,0.127197335194514)  (0.007256919149491,-0.009001357757842)  (-0.355241587807434,0.098220279380158)  (0.132886796425374,-0.239828739028443)
 (-0.030687517877682,0.135650949231613)  (0.141059765702183,-0.054093919567492)  (-0.121577203101145,0.000000000000000)  (0.063276761065676,-0.015095222639910)  (-0.089663558064243,0.331637943697663) (-0.049936593165249,-0.185858999020569)  (0.016498905479834,-0.062462961672927)  (0.034563329768454,-0.209509399336644)   (0.074032501267459,0.163718031881687)
 (-0.160428655067044,0.033561113045655)  (-0.007968476979233,0.240188146134388)   (0.063276761065676,0.015095222639910)   (0.091182549383712,0.000000000000000)  (0.178015489863593,-0.055477957172733) (-0.081451425664044,-0.095734664748287)   (0.164190926992929,0.121394157178194) (-0.087085876959847,-0.068454838583245)  (-0.085989819912945,0.135402467220838)
  (0.029616495771935,0.032993967444708)   (0.162706988054162,0.425744343333236) (-0.089663558064243,-0.331637943697663)   (0.178015489863593,0.055477957172733)   (0.263589105872361,0.000000000000000)  (0.272580076220453,-0.208941993044644) (-0.016844548277059,-0.104561660065874)  (-0.120589154205400,0.146543803445723)   (0.157735432181066,0.034662120475091)
(-0.065042276451786,-0.250509338902981) (-0.172390958632404,-0.127197335194514)  (-0.049936593165249,0.185858999020569)  (-0.081451425664044,0.095734664748287)   (0.272580076220453,0.208941993044644)  (-0.233922114038635,0.000000000000000) (-0.009622148889301,-0.084197583413413)  (-0.196702732823345,0.221436524971358)   (0.093157932997526,0.196324573836683)
(-0.007028975593882,-0.028799462840584)   (0.007256919149491,0.009001357757842)   (0.016498905479834,0.062462961672927)  (0.164190926992929,-0.121394157178194)  (-0.016844548277059,0.104561660065874)  (-0.009622148889301,0.084197583413413)  (-0.109276743672594,0.000000000000000)   (0.062526382326138,0.091547414029471)   (0.039986148023216,0.032286047662067)
  (0.033534352408442,0.126390532932246) (-0.355241587807434,-0.098220279380158)   (0.034563329768454,0.209509399336644)  (-0.087085876959847,0.068454838583245) (-0.120589154205400,-0.146543803445723) (-0.196702732823345,-0.221436524971358)  (0.062526382326138,-0.091547414029471)   (0.119099844778404,0.000000000000000)  (-0.067540771830935,0.116888418828380)
(-0.136289732796121,-0.083452499015382)   (0.132886796425374,0.239828739028443)  (0.074032501267459,-0.163718031881687) (-0.085989819912945,-0.135402467220838)  (0.157735432181066,-0.034662120475091)  (0.093157932997526,-0.196324573836683)  (0.039986148023216,-0.032286047662067) (-0.067540771830935,-0.116888418828380) (-0.127822088584730,-0.000000000000000)
 (-0.040473338972161,0.000000000000000)  (0.109501464733490,-0.093400480992026)  (0.124143733031814,-0.226931676594520)   (0.028780381331614,0.031074894075091) (-0.118763952103040,-0.005402289156079)   (0.173666669818839,0.064475844499223)  (-0.033312114955672,0.178819945145770) (-0.203171666714582,-0.093953116361280) (-0.066148894464119,-0.135105902327742)
  (0.109501464733490,0.093400480992026)  (-0.035996337547642,0.000000000000000)  (0.055804380839073,-0.117170775495690) (-0.138877813938317,-0.093446294470191) (-0.041512529764805,-0.204644187102754)  (0.030837331313630,-0.172928952411316) (-0.177398580477511,-0.002035351535432)  (-0.081612530381880,0.057805506148640)  (-0.054014470932538,0.094493803941137)
  (0.124143733031814,0.226931676594520)   (0.055804380839073,0.117170775495690)  (-0.130023458406226,0.000000000000000) (-0.134968738680624,-0.204653818508256) (-0.131845354834759,-0.128585658745373)   (0.102710942548920,0.238555356053816) (-0.092217645547619,-0.010338581153391)  (-0.055245367709222,0.054632570846736)  (-0.093915536997696,0.104000729984692)
 (0.028780381331614,-0.031074894075091)  (-0.138877813938317,0.093446294470191)  (-0.134968738680624,0.204653818508256)  (-0.003628134259678,0.000000000000000)  (-0.129215804434294,0.051186715478917)   (0.197333048858251,0.089761664838709) (-0.133109547820233,-0.305934897704438)  (0.203767191653349,-0.022303925169999) (-0.239513961132195,-0.021103031371027)
 (-0.118763952103040,0.005402289156079)  (-0.041512529764805,0.204644187102754)  (-0.131845354834759,0.128585658745373) (-0.129215804434294,-0.051186715478917)   (0.065983755036040,0.000000000000000) (-0.132143333815482,-0.333226690430001)  (-0.322424588891988,0.290978695511461)   (0.094428600558788,0.144999288605146)  (-0.078376110708436,0.117507686681364)
 (0.173666669818839,-0.064475844499223)   (0.030837331313630,0.172928952411316)  (0.102710942548920,-0.238555356053816)  (0.197333048858251,-0.089761664838709)  (-0.132143333815482,0.333226690430001)   (0.070064031594636,0.000000000000000)  (-0.104191098823368,0.067552533269448)  (0.075971947372105,-0.059738461547268)   (0.032591446243231,0.107994965450558)
(-0.033312114955672,-0.178819945145770)  (-0.177398580477511,0.002035351535432)  (-0.092217645547619,0.010338581153391)  (-0.133109547820233,0.305934897704438) (-0.322424588891988,-0.290978695511461) (-0.104191098823368,-0.067552533269448)   (0.090252855087103,0.000000000000000)  (-0.099866474610232,0.203345418805472) (-0.142627807541950,-0.041736974033238)
 (-0.203171666714582,0.093953116361280) (-0.081612530381880,-0.057805506148640) (-0.055245367709222,-0.054632570846736)   (0.203767191653349,0.022303925169999)  (0.094428600558788,-0.144999288605146)   (0.075971947372105,0.059738461547268) (-0.099866474610232,-0.203345418805472)   (0.258174061606113,0.000000000000000) (-0.010066039709523,-0.017934165721239)
 (-0.066148894464119,0.135105902327742) (-0.054014470932538,-0.094493803941137) (-0.093915536997696,-0.104000729984692)  (-0.239513961132195,0.021103031371027) (-0.078376110708436,-0.117507686681364)  (0.032591446243231,-0.107994965450558)  (-0.142627807541950,0.041736974033238)  (-0.010066039709523,0.017934165721239) (-0.274353434138186,-0.000000000000000)
  (0.108726752719592,0.000000000000000)   (0.126184466547403,0.111322253924005) (-0.160354149077153,-0.099587334847330)   (0.248089345607037,0.052978037296452)   (0.266582994523468,0.105923605317992)   (0.039941346777586,0.038972779231250)   (0.086130871794123,0.239850622784426)  (0.066553605432153,-0.250066874118954)   (0.255433236826361,0.055066209617880)
 (0.126184466547403,-0.111322253924005)  (-0.066474327111311,0.000000000000000)  (0.063891422433483,-0.061748374660777)  (0.137267105463986,-0.096110842111270) (-0.141870522982674,-0.003488996523812)  (0.285874820473487,-0.099097359169931)  (0.044173694674715,-0.021567168213914) (-0.147085593226705,-0.005680817637169)  (-0.108349240068814,0.150391040729004)
 (-0.160354149077153,0.099587334847330)   (0.063891422433483,0.061748374660777)   (0.037276732618838,0.000000000000000)  (0.157679817426977,-0.059863665902569)   (0.140793294693725,0.032236469152285)   (0.078471829296603,0.095405458970617)   (0.077548209848945,0.132223867467524) (-0.098782827475735,-0.020659291725176) (-0.034316035462285,-0.068117617579653)
 (0.248089345607037,-0.052978037296452)   (0.137267105463986,0.096110842111270)   (0.157679817426977,0.059863665902569)   (0.124433120673608,0.000000000000000)  (0.057914622220710,-0.080149640538981)  (0.050056969096529,-0.197703335631372) (-0.031734920645143,-0.210726719817587)   (0.206711868005983,0.169329047651443)  (0.190320327303735,-0.029174575373262)
 (0.266582994523468,-0.105923605317992)  (-0.141870522982674,0.003488996523812)  (0.140793294693725,-0.032236469152285)   (0.057914622220710,0.080149640538981)   (0.036016129137033,0.000000000000000) (-0.051877795754804,-0.126922735170192)  (0.000328713127184,-0.040155018417766)   (0.100552795256441,0.109911565751098)  (-0.000129401641687,0.019395852170881)
 (0.039941346777586,-0.038972779231250)   (0.285874820473487,0.099097359169931)  (0.078471829296603,-0.095405458970617)   (0.050056969096529,0.197703335631372)  (-0.051877795754804,0.126922735170192)   (0.100839312375162,0.000000000000000)   (0.070315411546196,0.186295466070513) (-0.428506095482004,-0.066672671206770)   (0.024619454313253,0.024031979513133)
 (0.086130871794123,-0.239850622784426)   (0.044173694674715,0.021567168213914)  (0.077548209848945,-0.132223867467524)  (-0.031734920645143,0.210726719817587)   (0.000328713127184,0.040155018417766)  (0.070315411546196,-0.186295466070513)  (-0.352609250609467,0.000000000000000)  (-0.085207201532125,0.039564875920399)  (0.269815767395228,-0.254126502160139)
  (0.066553605432153,0.250066874118954)  (-0.147085593226705,0.005680817637169)  (-0.098782827475735,0.020659291725176)  (0.206711868005983,-0.169329047651443)  (0.100552795256441,-0.109911565751098)  (-0.428506095482004,0.066672671206770) (-0.085207201532125,-0.039564875920399)  (-0.081380533757088,0.000000000000000) (-0.029294130802809,-0.043142394575383)
 (0.255433236826361,-0.055066209617880) (-0.108349240068814,-0.150391040729004)  (-0.034316035462285,0.068117617579653)   (0.190320327303735,0.029174575373262) (-0.000129401641687,-0.019395852170881)  (0.024619454313253,-0.024031979513133)   (0.269815767395228,0.254126502160139)  (-0.029294130802809,0.043142394575383)  (0.093172063953634,-0.000000000000000)
 (-0.241879458980615,0.000000000000000)  (-0.072223960852827,0.321788562175339) (-0.011394740654851,-0.070056142343034)  (0.095279921701000,-0.276226296817131)  (-0.143121418632100,0.073788070169033)  (-0.210701986910177,0.100572652607847) (-0.113231469442900,-0.378236948407712)   (0.011542289382361,0.063266810582610)   (0.000635722005453,0.110075164523969)
(-0.072223960852827,-0.321788562175339)   (0.105878154540630,0.000000000000000)  (0.094732215776648,-0.142679743762875) (-0.269922428788900,-0.236034660267609)  (-0.219908706687495,0.328653615258963)   (0.063497499339040,0.061025389532801)  (0.131728040080740,-0.087956531136423) (-0.049959958617180,-0.202661471261647) (-0.112149350071397,-0.109357557531341)
 (-0.011394740654851,0.070056142343034)   (0.094732215776648,0.142679743762875)  (-0.149158600704159,0.000000000000000)  (0.115582256394304,-0.022994905616232)  (0.019518179759436,-0.114426434992699) (-0.195158179437691,-0.140277016795141)  (-0.168982091943019,0.353342088684195)  (0.020072742545150,-0.099566132408710)  (0.039063637302597,-0.316848355785117)
  (0.095279921701000,0.276226296817131)  (-0.269922428788900,0.236034660267609)   (0.115582256394304,0.022994905616232)   (0.029745721364546,0.000000000000000) (-0.178990495198944,-0.188506070315217) (-0.164916776773090,-0.167143494276141)  (-0.113310623176276,0.103005183430817) (-0.016046163352970,-0.037183017914669) (-0.213938925309729,-0.138573306607298)
(-0.143121418632100,-0.073788070169033) (-0.219908706687495,-0.328653615258963)   (0.019518179759436,0.114426434992699)  (-0.178990495198944,0.188506070315217)   (0.018390231392795,0.000000000000000)  (0.231330324012331,-0.036897167301010) (-0.187672720175528,-0.181211884593082)   (0.144139462658439,0.079887081737425)  (0.167666371287659,-0.195859372250706)
(-0.210701986910177,-0.100572652607847)  (0.063497499339040,-0.061025389532801)  (-0.195158179437691,0.140277016795141)  (-0.164916776773090,0.167143494276141)   (0.231330324012331,0.036897167301010)  (-0.088725246566231,0.000000000000000)  (0.187602171702640,-0.099984093378219) (-0.123576617089093,-0.119025017627130)  (-0.285998284722299,0.161864144868923)
 (-0.113231469442900,0.378236948407712)   (0.131728040080740,0.087956531136423) (-0.168982091943019,-0.353342088684195) (-0.113310623176276,-0.103005183430817)  (-0.187672720175528,0.181211884593082)   (0.187602171702640,0.099984093378219)   (0.127870881299356,0.000000000000000)  (-0.044667448638708,0.078784969633637) (-0.154284097364121,-0.024004868424405)
 (0.011542289382361,-0.063266810582610)  (-0.049959958617180,0.202661471261647)   (0.020072742545150,0.099566132408710)  (-0.016046163352970,0.037183017914669)  (0.144139462658439,-0.079887081737425)  (-0.123576617089093,0.119025017627130) (-0.044667448638708,-0.078784969633637)  (-0.030023229746396,0.000000000000000)  (-0.187996498402791,0.275555915522351)
 (0.000635722005453,-0.110075164523969)  (-0.112149350071397,0.109357557531341)   (0.039063637302597,0.316848355785117)  (-0.213938925309729,0.138573306607298)   (0.167666371287659,0.195859372250706) (-0.285998284722299,-0.161864144868923)  (-0.154284097364121,0.024004868424405) (-0.187996498402791,-0.275555915522351)  (0.227901547400074,-0.000000000000000)
  (0.117037942367057,0.000000000000000)   (0.012885106965819,0.120405771599595)  (-0.149195092093519,0.053135851674831)   (0.107979064689409,0.034761800834680)  (-0.103427726623934,0.184824673982872)  (-0.151585254808031,0.254181649944354) (-0.003310565236214,-0.046976996991638)  (-0.226730938119857,0.208314075696797)   (0.243628887190021,0.010828347733432)
 (0.012885106965819,-0.120405771599595)   (0.152135754478413,0.000000000000000)  (-0.059984368038132,0.067991769698963)  (0.090879018165794,-0.101548460527727)  (0.087611587142255,-0.081036161126014)   (0.094786827806062,0.415198418984146)  (0.278994871254939,-0.136574941349347) (-0.013881567658021,-0.014170853512958) (-0.229184365440791,-0.240948561934633)
(-0.149195092093519,-0.053135851674831) (-0.059984368038132,-0.067991769698963)   (0.117818794083746,0.000000000000000)  (0.125391144222329,-0.241892035115293)  (-0.083894978114271,0.222128144358475)  (0.043096004666045,-0.247679443706123)  (0.049631751231168,-0.134305798331146)  (-0.178595011816303,0.276720841134965)   (0.115404901415363,0.310592559748953)
 (0.107979064689409,-0.034761800834680)   (0.090879018165794,0.101548460527727)   (0.125391144222329,0.241892035115293)   (0.144699619124005,0.000000000000000) (-0.201719410443255,-0.237914202046336)  (0.167625262829777,-0.050666012372501)  (-0.096920397053020,0.222525238019622)   (0.012943192468450,0.056337692814559)   (0.180550243409081,0.161525679246508)
(-0.103427726623934,-0.184824673982872)   (0.087611587142255,0.081036161126014) (-0.083894978114271,-0.222128144358475)  (-0.201719410443255,0.237914202046336)   (0.003716774008376,0.000000000000000)  (0.029091138220209,-0.113826355943051) (-0.121226024042628,-0.052819579718320)  (0.173588170940345,-0.245520536482739)   (0.116569440942410,0.348094720381525)
(-0.151585254808031,-0.254181649944354)  (0.094786827806062,-0.415198418984146)   (0.043096004666045,0.247679443706123)   (0.167625262829777,0.050666012372501)   (0.029091138220209,0.113826355943051)   (0.100136532352321,0.000000000000000)  (0.020418630193255,-0.146710337917494) (-0.064324432713593,-0.125798729893251)  (0.015116354289360,-0.133440249560983)
 (-0.003310565236214,0.046976996991638)   (0.278994871254939,0.136574941349347)   (0.049631751231168,0.134305798331146) (-0.096920397053020,-0.222525238019622)  (-0.121226024042628,0.052819579718320)   (0.020418630193255,0.146710337917494)   (0.037983981900462,0.000000000000000) (-0.085442146670846,-0.121238490186569)  (-0.111354200258752,0.101197803823346)
(-0.226730938119857,-0.208314075696797)  (-0.013881567658021,0.014170853512958) (-0.178595011816303,-0.276720841134965)  (0.012943192468450,-0.056337692814559)   (0.173588170940345,0.245520536482739)  (-0.064324432713593,0.125798729893251)  (-0.085442146670846,0.121238490186569)  (-0.080880308605382,0.000000000000000)  (-0.149682010602873,0.032008298529029)
 (0.243628887190021,-0.010828347733432)  (-0.229184365440791,0.240948561934633)  (0.115404901415363,-0.310592559748953)  (0.180550243409081,-0.161525679246508)  (0.116569440942410,-0.348094720381525)   (0.015116354289360,0.133440249560983) (-0.111354200258752,-0.101197803823346) (-0.149682010602873,-0.032008298529029) (-0.592649089708998,-0.000000000000000)
 (-0.071014421012819,0.000000000000000) (-0.185819205074573,-0.046042389328557) (-0.145090227166531,-0.107430109859938)   (0.101411239827320,0.017509056205175)  (-0.010019133578031,0.012107645580325)  (0.081626061033147,-0.024900253090750) (-0.106290315072507,-0.142304051849784)  (-0.054969182641603,0.127680936685073)  (0.241328580315323,-0.008896164463514)
 (-0.185819205074573,0.046042389328557)  (-0.202259658807061,0.000000000000000)  (-0.070196760242195,0.152168561748457)   (0.323658485406232,0.033510134508946)  (-0.086331518495447,0.039088006401843)  (-0.099694199661726,0.070900137246012)   (0.141300163547428,0.248068761281227)   (0.000948740971443,0.015032880449391)  (-0.007904921268810,0.181586319098031)
 (-0.145090227166531,0.107430109859938) (-0.070196760242195,-0.152168561748457)  (-0.067477366617750,0.000000000000000)  (-0.014348595543301,0.197692499056367) (-0.118679448633015,-0.046172606030965)   (0.032610376014545,0.094822141771400)  (0.216721839530858,-0.064059178065721)   (0.383536632704484,0.151549342901997)  (0.099015050585836,-0.410660305978216)
 (0.101411239827320,-0.017509056205175)  (0.323658485406232,-0.033510134508946) (-0.014348595543301,-0.197692499056367)  (-0.040441031871637,0.000000000000000)   (0.350386589841784,0.103441237165084) (-0.064140202398945,-0.112906920710716)  (-0.065691366273532,0.033259065386553)  (-0.093575887462648,0.141176234477149)   (0.036848865296611,0.254305318158540)
(-0.010019133578031,-0.012107645580325) (-0.086331518495447,-0.039088006401843)  (-0.118679448633015,0.046172606030965)  (0.350386589841784,-0.103441237165084)  (-0.198186954144854,0.000000000000000)  (0.160893314072649,-0.203406508797082)  (-0.067522727416182,0.122005100314589) (-0.129474907552198,-0.236668832347115)  (0.176557238293593,-0.009058419766614)
  (0.081626061033147,0.024900253090750) (-0.099694199661726,-0.070900137246012)  (0.032610376014545,-0.094822141771400)  (-0.064140202398945,0.112906920710716)   (0.160893314072649,0.203406508797082)  (-0.284910718027884,0.000000000000000)   (0.264323166666734,0.089094256561463)  (0.017101222985076,-0.151964111875790)   (0.120725096078558,0.042200095984389)
 (-0.106290315072507,0.142304051849784)  (0.141300163547428,-0.248068761281227)   (0.216721839530858,0.064059178065721) (-0.065691366273532,-0.033259065386553) (-0.067522727416182,-0.122005100314589)  (0.264323166666734,-0.089094256561463)   (0.042565141710463,0.000000000000000)  (-0.089796865158477,0.127096107504339)   (0.056947302832976,0.068438255366006)
(-0.054969182641603,-0.127680936685073)  (0.000948740971443,-0.015032880449391)  (0.383536632704484,-0.151549342901997) (-0.093575887462648,-0.141176234477149)  (-0.129474907552198,0.236668832347115)   (0.017101222985076,0.151964111875790) (-0.089796865158477,-0.127096107504339)   (0.035888547953154,0.000000000000000)  (0.090356567091299,-0.317016489802476)
  (0.241328580315323,0.008896164463514) (-0.007904921268810,-0.181586319098031)   (0.099015050585836,0.410660305978216)  (0.036848865296611,-0.254305318158540)   (0.176557238293593,0.009058419766614)  (0.120725096078558,-0.042200095984389)  (0.056947302832976,-0.068438255366006)   (0.090356567091299,0.317016489802476)  (0.785836460818387,-0.000000000000000)
  (0.000478277286841,0.000000000000000)  (-0.017555489413688,0.049534830482445)   (0.218974266180655,0.067022789819445)  (0.257991592118111,-0.204233191761269) (-0.061846847381263,-0.179277622497879)  (0.181374400527723,-0.269969741148459)  (-0.059364990077833,0.045374066684641)  (0.347698608694513,-0.038453149980540)   (0.038479044459235,0.295450188642314)
(-0.017555489413688,-0.049534830482445)  (-0.027991802370263,0.000000000000000)   (0.019829866434280,0.082583227623384)  (0.021925595748729,-0.141966175653936)  (-0.211683290755741,0.168938947075091)  (0.036813878310190,-0.044049481710093)   (0.065346248916663,0.184246645732221)  (0.304280722425388,-0.055421298542974)  (0.055078652293851,-0.204957545636406)
 (0.218974266180655,-0.067022789819445)  (0.019829866434280,-0.082583227623384)   (0.059497796619168,0.000000000000000)   (0.037481051117148,0.253327621651673)  (0.132703074083137,-0.029440845676764)  (0.129286966900410,-0.035137263241144)  (-0.143653139113477,0.019316589462458)  (0.094281888858316,-0.064065720058242) (-0.133360009818823,-0.143423785848124)
  (0.257991592118111,0.204233191761269)   (0.021925595748729,0.141966175653936)  (0.037481051117148,-0.253327621651673)   (0.045170011255282,0.000000000000000)  (-0.053676359080716,0.037630725421387)  (-0.051896652758998,0.024785423836337)  (-0.077665375805124,0.076615713092206)  (0.134453371601017,-0.099520402716135) (-0.007370738132966,-0.117222347061962)
 (-0.061846847381263,0.179277622497879) (-0.211683290755741,-0.168938947075091)   (0.132703074083137,0.029440845676764) (-0.053676359080716,-0.037630725421387)  (-0.353696115117486,0.000000000000000)  (0.154786912744240,-0.186203637055516)  (0.029065589529758,-0.134129543060512)   (0.271254208035141,0.223767762835563) (-0.107396217794733,-0.018164701286200)
  (0.181374400527723,0.269969741148459)   (0.036813878310190,0.044049481710093)   (0.129286966900410,0.035137263241144) (-0.051896652758998,-0.024785423836337)   (0.154786912744240,0.186203637055516)   (0.027651650360601,0.000000000000000)  (-0.093666450213513,0.040963168976415)  (-0.027193457538917,0.024046407941021)   (0.069326384280059,0.018340943411304)
(-0.059364990077833,-0.045374066684641)  (0.065346248916663,-0.184246645732221) (-0.143653139113477,-0.019316589462458) (-0.077665375805124,-0.076615713092206)   (0.029065589529758,0.134129543060512) (-0.093666450213513,-0.040963168976415)   (0.049250320879916,0.000000000000000) (-0.038623421025951,-0.072356223225691) (-0.022000477726056,-0.174040972555207)
  (0.347698608694513,0.038453149980540)   (0.304280722425388,0.055421298542974)   (0.094281888858316,0.064065720058242)   (0.134453371601017,0.099520402716135)  (0.271254208035141,-0.223767762835563) (-0.027193457538917,-0.024046407941021)  (-0.038623421025951,0.072356223225691)   (0.176147490421660,0.000000000000000)  (0.091969298717595,-0.040204404237178)
 (0.038479044459235,-0.295450188642314)   (0.055078652293851,0.204957545636406)  (-0.133360009818823,0.143423785848124)  (-0.007370738132966,0.117222347061962)  (-0.107396217794733,0.018164701286200)  (0.069326384280059,-0.018340943411304)  (-0.022000477726056,0.174040972555207)   (0.091969298717595,0.040204404237178)  (0.023492370664280,-0.000000000000000)
  (0.044907199231580,0.000000000000000)  (0.224511939833984,-0.076690021719901)   (0.005782762132206,0.302214127200997) (-0.031358186153666,-0.106982628082085)   (0.200884962632708,0.012967373341813)  (-0.363471556764242,0.113817541405086) (-0.011195434609185,-0.178273934693548)   (0.094008370511549,0.183348204741184)  (0.079965427187647,-0.326521875983759)
  (0.224511939833984,0.076690021719901)   (0.024753598252177,0.000000000000000)  (-0.099562124230579,0.157049180281335)  (-0.054359419523621,0.035288435940679)  (-0.068871964702601,0.089660013990616)   (0.055527269276750,0.045672741912214)   (0.018945998025100,0.192771119098913)  (0.012784942607426,-0.086413823995687)  (0.279695381478188,-0.103951071170954)
 (0.005782762132206,-0.302214127200997) (-0.099562124230579,-0.157049180281335)   (0.233035921750355,0.000000000000000)   (0.300617719522225,0.071010851679858)  (-0.159748896816325,0.128682068402467)  (0.288740955041889,-0.138610026096309)  (-0.255337614038235,0.123023559605931)  (-0.209409620225036,0.037868432011615) (-0.228527557729681,-0.324500024382643)
 (-0.031358186153666,0.106982628082085) (-0.054359419523621,-0.035288435940679)  (0.300617719522225,-0.071010851679858)  (-0.003667199590796,0.000000000000000)  (0.132707423440663,-0.041054142213604)  (0.025239445607166,-0.029201442879500)   (0.012937737012039,0.126754117188927)  (0.048848780122314,-0.224308684211027)  (-0.004946254864434,0.276811892948669)
 (0.200884962632708,-0.012967373341813) (-0.068871964702601,-0.089660013990616) (-0.159748896816325,-0.128682068402467)   (0.132707423440663,0.041054142213604)  (-0.098556955754261,0.000000000000000)  (0.027227241139260,-0.214910646275792)  (-0.029600269254621,0.007046875810953)   (0.147129046014382,0.180306876589425) (-0.001116363492781,-0.032116713985098)
(-0.363471556764242,-0.113817541405086)  (0.055527269276750,-0.045672741912214)   (0.288740955041889,0.138610026096309)   (0.025239445607166,0.029201442879500)   (0.027227241139260,0.214910646275792)  (-0.152747267646094,0.000000000000000)  (0.309443991533510,-0.027384143025878)  (-0.257160878837649,0.195304022133134)  (0.025775373025578,-0.058164213764246)
 (-0.011195434609185,0.178273934693548)  (0.018945998025100,-0.192771119098913) (-0.255337614038235,-0.123023559605931)  (0.012937737012039,-0.126754117188927) (-0.029600269254621,-0.007046875810953)   (0.309443991533510,0.027384143025878)  (-0.108472672939277,0.000000000000000)  (0.212609793350340,-0.422451969957682)  (-0.167627884897280,0.069485169379233)
 (0.094008370511549,-0.183348204741184)   (0.012784942607426,0.086413823995687) (-0.209409620225036,-0.037868432011615)   (0.048848780122314,0.224308684211027)  (0.147129046014382,-0.180306876589425) (-0.257160878837649,-0.195304022133134)   (0.212609793350340,0.422451969957682)   (0.183619434889156,0.000000000000000) (-0.113617183886005,-0.172962271430420)
  (0.079965427187647,0.326521875983759)   (0.279695381478188,0.103951071170954)  (-0.228527557729681,0.324500024382643) (-0.004946254864434,-0.276811892948669)  (-0.001116363492781,0.032116713985098)   (0.025775373025578,0.058164213764246) (-0.167627884897280,-0.069485169379233)  (-0.113617183886005,0.172962271430420) (-0.122872058192840,-0.000000000000000)
