 (-0.050531705735697,0.000000000109710) (-0.078200187932559,-0.009559974963784)  (0.115198428353006,-0.145517945845542)  (-0.057037559768638,0.048549604660891)   (0.115994468061687,0.076155663153929)  (0.005263278070147,-0.118667712991537) (-0.032515214244011,-0.050385705085407)   (0.135531236645576,0.140767397524561)  (-0.011723251090462,0.007266806070407)
 (-0.078200187892101,0.009559975047346)   (0.131347056708314,0.000000000048057)  (0.035072442097548,-0.000783630028053)  (0.223135779048697,-0.014964165890137)  (0.175263288980770,-0.071050283564472) (-0.072388212963322,-0.062151162822096)   (0.069858191690458,0.053918030915485)  (-0.152040415972270,0.020105211660144) (-0.035647427128506,-0.169728507616782)
  (0.115198428379986,0.145517946074887)   (0.035072441965871,0.000783629984614)  (-0.027015418681416,0.000000000144825)   (0.011413235047947,0.075145041668575) (-0.058953135968888,-0.025100888456188) (-0.042024559102469,-0.008427142897566) (-0.068745203895200,-0.108289299286359)   (0.097659362558560,0.113894242442471) (-0.011122539216923,-0.049197672338933)
(-0.057037559708915,-0.048549604545640)   (0.223135778844763,0.014964165862268)  (0.011413235188996,-0.075145041624248) (-0.061371488720491,-0.000000000107213)   (0.016218333531296,0.107540604076839)  (-0.148308288223718,0.267761166614099)  (-0.015404949404565,0.064280871570160) (-0.047284314456570,-0.101057677523455)   (0.054718213258128,0.059990853646035)
 (0.115994468039759,-0.076155663027066)   (0.175263288891937,0.071050283615823)  (-0.058953136004970,0.025100888419626)  (0.016218333577030,-0.107540603935963) (-0.074988326596524,-0.000000000033223)  (0.046845289162052,-0.079436184005510)  (-0.175590463821615,0.066153856335484)  (-0.086553267550990,0.044299595000579)   (0.032632007701033,0.183376511831547)
  (0.005263278006462,0.118667712982169)  (-0.072388213068673,0.062151162797872)  (-0.042024559137626,0.008427142770813) (-0.148308288235401,-0.267761166614741)   (0.046845289146267,0.079436184153276)  (-0.058115672194704,0.000000000060361) (-0.060722277933269,-0.094263225808980)  (-0.027439767352789,0.018332948914175)   (0.004151109284268,0.036177096599923)
 (-0.032515214071227,0.050385705138888)  (0.069858191652489,-0.053918031090798)  (-0.068745203983615,0.108289299277778) (-0.015404949327123,-0.064280871622724) (-0.175590463850643,-0.066153856482329)  (-0.060722277844011,0.094263225887447) (-0.030012016974196,-0.000000000094426) (-0.023685757520541,-0.091641605697434)  (0.072846486283928,-0.020122033471764)
 (0.135531236636351,-0.140767397449951) (-0.152040416069720,-0.020105211569730)  (0.097659362370659,-0.113894242290262)  (-0.047284314523312,0.101057677631567) (-0.086553267415511,-0.044299595057981) (-0.027439767313244,-0.018332948946658)  (-0.023685757417633,0.091641605746360)   (0.068846475707221,0.000000000041049)  (0.091454412226432,-0.085711715350173)
(-0.011723251168382,-0.007266805921017)  (-0.035647427231599,0.169728507585037)  (-0.011122539127646,0.049197672204282)  (0.054718213440288,-0.059990853556881)  (0.032632007791541,-0.183376511971249)  (0.004151109333724,-0.036177096821268)   (0.072846486411807,0.020122033520876)   (0.091454412250019,0.085711715404788)  (0.101841096477843,-0.000000000169140)
  (0.038675833165750,0.000000000050211)  (0.034569856605223,-0.154284934464317) (-0.081469603332458,-0.002711260643961)  (0.007662928741176,-0.017683245812819)   (0.083494763319336,0.104126299216083)   (0.059829589413559,0.118393929892100)   (0.103833720015517,0.115713483413131)  (-0.108454118602418,0.130770308831558)  (0.099818270307815,-0.175211049683588)
  (0.034569856666156,0.154284934478989) (-0.076369195677311,-0.000000000127003)  (-0.049698602940392,0.023884427434523)  (0.063830237932812,-0.033500643250034) (-0.076565439753829,-0.130389920556871)  (-0.031116808817585,0.036269009508166)  (0.009762997083358,-0.032590689963558)   (0.023614053020760,0.009369534836767)  (0.022623191205003,-0.087687840376730)
 (-0.081469603448729,0.002711260734436) (-0.049698602880543,-0.023884427398577)  (-0.102806456760353,0.000000000026058) (-0.061428863337668,-0.003618789586636)  (-0.012775647883226,0.056164429053326)   (0.072857529526866,0.081566841122630)  (-0.025550334573859,0.118591560786930) (-0.037032147758255,-0.123894797094040)  (0.050890156175692,-0.028776884950166)
  (0.007662928782450,0.017683245781722)   (0.063830237927309,0.033500643165004)  (-0.061428863193372,0.003618789515473)   (0.051151636249991,0.000000000148105)  (0.097966300633920,-0.087971622989112) (-0.063800676794336,-0.007164961748315)  (-0.127778533445958,0.165917713973699) (-0.065281610519628,-0.139685670302238)   (0.088416031669975,0.019105887701698)
 (0.083494763415395,-0.104126299165282)  (-0.076565439861641,0.130389920569098) (-0.012775647983720,-0.056164429181200)   (0.097966300575486,0.087971623051265) (-0.026096536670347,-0.000000000200278)  (0.022246952126202,-0.148205023594093) (-0.112968600587342,-0.057262893524501)   (0.186922998933059,0.074269205750711)   (0.081941702025438,0.037101668889430)
 (0.059829589292227,-0.118393929936133) (-0.031116808887028,-0.036269009364563)  (0.072857529431467,-0.081566841159551)  (-0.063800676693021,0.007164961796934)   (0.022246952249519,0.148205023479954)   (0.149434994462610,0.000000000044280) (-0.091915778098522,-0.049238063844306)  (-0.114037286592764,0.033949556169858)   (0.031625311399898,0.130822404707804)
 (0.103833719995578,-0.115713483389519)   (0.009762997050027,0.032590689945034) (-0.025550334616863,-0.118591560882919) (-0.127778533615475,-0.165917713927764)  (-0.112968600687507,0.057262893595838)  (-0.091915778174531,0.049238063762820)  (-0.040517481430471,0.000000000066690)  (0.152951210124046,-0.054861666753033)   (0.002358296200155,0.082429529438178)
(-0.108454118586533,-0.130770308888657)  (0.023614053238647,-0.009369534684434)  (-0.037032147810465,0.123894797129849)  (-0.065281610510911,0.139685670083709)  (0.186922998688762,-0.074269205636698) (-0.114037286564859,-0.033949556030911)   (0.152951210074149,0.054861666674490) (-0.006929999553719,-0.000000000001093)  (0.000741342754209,-0.039610637902575)
  (0.099818270195863,0.175211049842103)   (0.022623191090629,0.087687840324595)   (0.050890156383152,0.028776884977101)  (0.088416031443228,-0.019105887750656)  (0.081941701707876,-0.037101668800401)  (0.031625311395112,-0.130822404546256)  (0.002358296392818,-0.082429529280389)   (0.000741342492276,0.039610637981105)  (0.013457206241838,-0.000000000006971)
  (0.119984225223322,0.000000000002104)  (-0.077029475189933,0.046001061105738)  (-0.004257803928917,0.002968679959495)   (0.053627270245002,0.091453387689424) (-0.075651189922075,-0.032264752604033) (-0.066097670820365,-0.004707829878677)  (0.027775168692217,-0.088914955628061)   (0.103932658618512,0.167904786820503)   (0.059424664724737,0.108242384173067)
(-0.077029475024157,-0.046001061387198) (-0.005408892801415,-0.000000000041061)   (0.026850092551155,0.082175780411904)  (-0.047253487465976,0.008970446771001)   (0.102809392693782,0.048926466371510)  (-0.017001251453069,0.114052830072117)  (0.012154496278622,-0.128429570808915)  (0.061897540353179,-0.000751411328779) (-0.054821608919891,-0.039736844927223)
(-0.004257804062315,-0.002968679846261)  (0.026850092373348,-0.082175780206636)  (-0.251495604044008,0.000000000109977) (-0.001589157937796,-0.086001126454551)  (0.052331417794200,-0.110679483187919)  (-0.024989551537806,0.140268028071263)   (0.072239607952742,0.000457892635160)  (0.025616892893219,-0.042800750621799)  (-0.013025109190058,0.061911255897522)
 (0.053627270263466,-0.091453387784269) (-0.047253487423378,-0.008970446727908)  (-0.001589157661115,0.086001126322379) (-0.027711796168840,-0.000000000025713)  (0.080153315325375,-0.072513454569722)   (0.081723337488419,0.060007345361730)  (-0.023608887072329,0.102650890288928)   (0.042024790268826,0.028899985537697)   (0.117357753223083,0.070768551631139)
 (-0.075651189833496,0.032264752689757)  (0.102809392690322,-0.048926466206722)   (0.052331417891714,0.110679483022986)   (0.080153315287040,0.072513454977678)  (0.058621451412305,-0.000000000200334)  (0.076009279673830,-0.120550741405082)  (-0.057436320172008,0.071009131740185) (-0.058672775809138,-0.216600764583790)   (0.053343199992259,0.055587690909156)
 (-0.066097670793311,0.004707830051262) (-0.017001251493002,-0.114052830028195) (-0.024989551649595,-0.140268028171135)  (0.081723337578637,-0.060007345232098)   (0.076009279788858,0.120550741154246)  (0.238741858766347,-0.000000000019694)  (-0.021107904898417,0.080973809408423)  (-0.029611036698961,0.056654159117775)   (0.058987053333743,0.010300611546474)
  (0.027775168608535,0.088914955557907)   (0.012154496286951,0.128429570806204)  (0.072239607805978,-0.000457892694129) (-0.023608887097245,-0.102650890264648) (-0.057436320095233,-0.071009131750672) (-0.021107904789136,-0.080973809438058)  (-0.066286016693209,0.000000000133526)  (0.016721100256964,-0.036107604211601)  (-0.123715157275437,0.094096664108935)
 (0.103932658743669,-0.167904786795236)   (0.061897540451591,0.000751411476608)   (0.025616892794063,0.042800750729081)  (0.042024790245061,-0.028899985513454)  (-0.058672775958766,0.216600764513013) (-0.029611036733836,-0.056654159107094)   (0.016721100459293,0.036107604080997)   (0.092356104062834,0.000000000002871) (-0.011003708085573,-0.183221272998901)
 (0.059424664684743,-0.108242384255390)  (-0.054821609203720,0.039736844809053) (-0.013025109079992,-0.061911255974754)  (0.117357753153346,-0.070768551390176)  (0.053343200038321,-0.055587690884512)  (0.058987053350064,-0.010300611588753) (-0.123715157113807,-0.094096664289580)  (-0.011003708249152,0.183221273078580)  (-0.158801329752465,0.000000000038325)
(-0.014632607602499,-0.000000000048978)  (0.036766270980379,-0.037835576043967) (-0.020206517049835,-0.044481893452589) (-0.065440324489582,-0.041858444878860)  (0.052514766756166,-0.104335528601722)  (0.064620453555985,-0.108708899096587)  (-0.081073074022241,0.044968073397402)   (0.050873535595406,0.083111001832499)   (0.036397335539471,0.119732779189396)
  (0.036766270798815,0.037835576154447)  (0.174798481149520,-0.000000000074332)   (0.009688931981267,0.071244546627227) (-0.018219289927254,-0.090085843817358) (-0.049137503298438,-0.274031086317882)  (0.033812620432692,-0.058809681138553)  (-0.088994448213800,0.032984669930219)  (0.012415599370446,-0.010566649831560)   (0.066152709926237,0.056394219254916)
 (-0.020206516907009,0.044481893451220)  (0.009688931961878,-0.071244546467014)   (0.102317315244725,0.000000000070879)  (-0.031898198303183,0.108809904274963)  (0.129861039837605,-0.026878199305139) (-0.047902864395013,-0.156333523173439)  (-0.060325424966381,0.048437296611342)   (0.134906161019272,0.002443754768771) (-0.078905020817414,-0.009482156332083)
 (-0.065440324657944,0.041858445029449)  (-0.018219290057585,0.090085843599599) (-0.031898198352016,-0.108809904251025) (-0.052297101681018,-0.000000000006752)  (-0.108883354759608,0.012872724484084)  (-0.031930766771511,0.098731106475820) (-0.021315401441298,-0.136361342349361)  (0.053249819127640,-0.017979300190293)   (0.026965523187101,0.019135973318704)
  (0.052514766929282,0.104335528663700)  (-0.049137503282471,0.274031086460070)   (0.129861040126779,0.026878199292600) (-0.108883354991585,-0.012872724556188)  (-0.217294947507824,0.000000000046953)  (-0.153682450861767,0.041431631695061)  (-0.021362964907441,0.008090361166990)  (0.100161060521141,-0.097170632268891)   (0.008785218551134,0.100377307959549)
  (0.064620453638854,0.108708899194072)   (0.033812620270705,0.058809681163617)  (-0.047902864382289,0.156333523172705) (-0.031930766602709,-0.098731106360806) (-0.153682450745710,-0.041431631767231)  (0.032497631505782,-0.000000000038148) (-0.011747774689539,-0.022519360507318)  (0.034597778162458,-0.017319260162683)   (0.004699930528763,0.005707397065669)
(-0.081073074069670,-0.044968073361438) (-0.088994448076352,-0.032984670098954) (-0.060325425054962,-0.048437296432960)  (-0.021315401510038,0.136361342381141) (-0.021362964834079,-0.008090361447689)  (-0.011747774689644,0.022519360552407)   (0.040921570705111,0.000000000011949)  (0.007761962093862,-0.071116079499129) (-0.139163840436868,-0.010455910554593)
 (0.050873535609910,-0.083111001849074)   (0.012415599359606,0.010566649775244)  (0.134906161080585,-0.002443754732474)   (0.053249819245000,0.017979300328192)   (0.100161060376797,0.097170632217615)   (0.034597778103940,0.017319260323627)   (0.007761962219792,0.071116079524151)  (-0.192447047733247,0.000000000005270)  (0.294081351586991,-0.055105605463001)
 (0.036397335499051,-0.119732778999697)  (0.066152709902923,-0.056394219232894)  (-0.078905020808765,0.009482156219604)  (0.026965523293778,-0.019135973336280)  (0.008785218855316,-0.100377308058070)  (0.004699930762464,-0.005707397062238)  (-0.139163840327652,0.010455910629964)   (0.294081351376466,0.055105605726708)   (0.126136705929597,0.000000000033158)
  (0.113413064832144,0.000000000111823)  (0.065340199570460,-0.006700151249853) (-0.081871088282783,-0.006231012461091)   (0.083580857992716,0.050170757032516) (-0.007104033080893,-0.039536910703032)  (0.001459167516985,-0.006084146500215) (-0.061769034298172,-0.113065060873403)   (0.037847379411688,0.019701797401459)  (0.099754329230700,-0.004916159758788)
  (0.065340199704699,0.006700151301417)  (-0.036259312107203,0.000000000109461)   (0.115808742052022,0.021944671392353)  (0.010389606167147,-0.143433826632562)  (-0.039664130605553,0.055357953657590) (-0.002102369060675,-0.010716700769156)  (0.025668704097966,-0.082742047495638)  (-0.067055381433826,0.102589018129679) (-0.007256066381933,-0.072215851725405)
 (-0.081871088287766,0.006231012327273)  (0.115808742214181,-0.021944671440235)  (-0.079003233239058,0.000000000074582)  (0.130587933577345,-0.016977248130994)  (0.171238699871402,-0.165006909209248)   (0.040317608842356,0.022902848740180) (-0.044313069088870,-0.012767351930023)   (0.062961124194026,0.000272398913783)  (-0.050490040900390,0.006625139377526)
 (0.083580857971305,-0.050170757007293)   (0.010389606224015,0.143433826681490)   (0.130587933527532,0.016977248213620)  (0.002566187355588,-0.000000000033213)  (0.040157617177228,-0.004316772039371) (-0.024664761472155,-0.016257525288954)  (-0.040735228804951,0.000893426076850)   (0.000338519751158,0.027141191933568)   (0.075526352234828,0.037348486048565)
 (-0.007104032987264,0.039536910604470) (-0.039664130376567,-0.055357953466212)   (0.171238699973371,0.165006909179303)   (0.040157617245633,0.004316771982961)  (0.058617407341539,-0.000000000027054)  (0.091228796914489,-0.131910339811234)  (-0.055757664419546,0.111117771521116)  (0.070833433802601,-0.017424660394492)  (-0.025718207948302,0.060219098622244)
  (0.001459167579948,0.006084146305540)  (-0.002102369004885,0.010716700779642)  (0.040317608807943,-0.022902848765766)  (-0.024664761561912,0.016257525426004)   (0.091228797019299,0.131910339816387)  (0.081491669150754,-0.000000000051174)  (0.028641107050173,-0.075131083924386)   (0.061069651634456,0.162977160436848)   (0.012311699728506,0.104229598598275)
 (-0.061769034312777,0.113065060804554)   (0.025668704051294,0.082742047403494)  (-0.044313069244742,0.012767351872933) (-0.040735228778908,-0.000893426186282) (-0.055757664496437,-0.111117771655738)   (0.028641107009976,0.075131084167982)   (0.007402646399821,0.000000000073925)  (-0.078914938990114,0.018357144029275)   (0.012014801355101,0.043205665110950)
 (0.037847379426930,-0.019701797295186) (-0.067055381530915,-0.102589018220808)  (0.062961123966941,-0.000272398748571)  (0.000338519709355,-0.027141191939910)   (0.070833433879330,0.017424660513917)  (0.061069651731095,-0.162977160364733) (-0.078914939101947,-0.018357143885710) (-0.058402394683241,-0.000000000053190) (-0.103461665174093,-0.004250568237885)
  (0.099754329312590,0.004916159765369)  (-0.007256066441739,0.072215851646041) (-0.050490040896071,-0.006625139469650)  (0.075526352254716,-0.037348485880984) (-0.025718207967867,-0.060219098493579)  (0.012311699658131,-0.104229598624529)  (0.012014801267544,-0.043205665078119)  (-0.103461665355717,0.004250568139777) (-0.089826035063111,-0.000000000205159)
 (0.145437161582136,-0.000000000069622)  (0.112375624519356,-0.070373395491635)   (0.082589131809850,0.040946930371793)  (-0.121767058829145,0.054113337121305)  (-0.050971882321368,0.070942858959312)   (0.024351188110751,0.150930509143082)  (0.000230840882136,-0.042404383738207) (-0.153460261009685,-0.062633895399245)  (0.030405525103622,-0.035020603673239)
  (0.112375624556761,0.070373395668760)  (-0.009112468780572,0.000000000075855)   (0.159590712333787,0.017076805306357)  (-0.004765404898513,0.000124464850514)   (0.098700047279197,0.017645711975320)  (0.029264710122169,-0.019553167987525) (-0.001060197622209,-0.140293526372161)  (-0.000253761767232,0.069980197620537)   (0.022027447954031,0.050475746727636)
 (0.082589131925368,-0.040946930303705)  (0.159590712371651,-0.017076805533267)  (0.025760752044072,-0.000000000079641)  (-0.032677778245226,0.039880722240966)   (0.069273304090053,0.191491213937648)   (0.004298081538989,0.140043985510200) (-0.022048632637592,-0.110007342838720)  (0.001908523397909,-0.118528509161201)  (0.094380713846022,-0.036629241766275)
(-0.121767058826761,-0.054113337133021) (-0.004765404899764,-0.000124464918045) (-0.032677778182321,-0.039880722336420) (-0.013670110513948,-0.000000000158724) (-0.039936190224822,-0.121821382421875)   (0.008227715914022,0.026767931227266)   (0.185338774485233,0.068105170351686) (-0.013486544355950,-0.187857514923855) (-0.067343217994010,-0.059983762519533)
(-0.050971882374422,-0.070942858948576)  (0.098700047375544,-0.017645711970959)  (0.069273303871821,-0.191491214183728)  (-0.039936190207117,0.121821382389494)   (0.254303815084580,0.000000000056286) (-0.214294257917625,-0.133295977944234)  (-0.052009160506538,0.211256395852783)  (0.045567684521950,-0.035249298119129)  (0.134256696999335,-0.103329554034312)
 (0.024351188184965,-0.150930509151677)   (0.029264710342844,0.019553167975300)  (0.004298081452582,-0.140043985605326)  (0.008227715996309,-0.026767931150777)  (-0.214294257698249,0.133295977948211) (-0.241427596354700,-0.000000000019830)  (-0.099639340253374,0.067463435250384)  (0.200643813437607,-0.183124802648133)   (0.212006595168674,0.086273050307089)
  (0.000230840805557,0.042404383749123)  (-0.001060197474063,0.140293526346745)  (-0.022048632687044,0.110007342842185)  (0.185338774519294,-0.068105170633286) (-0.052009160640834,-0.211256395835737) (-0.099639340162225,-0.067463435166934)   (0.079309643071741,0.000000000151778)   (0.114865366573783,0.108910244346607)   (0.018773543335692,0.019632537476550)
 (-0.153460260917258,0.062633895315704) (-0.000253761728474,-0.069980197699020)   (0.001908523543851,0.118528509233965)  (-0.013486544311434,0.187857514992049)   (0.045567684603614,0.035249298489342)   (0.200643813484089,0.183124802661984)  (0.114865366674745,-0.108910244398754)  (-0.097323431682289,0.000000000140525) (-0.032723972445035,-0.099567717534638)
  (0.030405525251126,0.035020603700003)  (0.022027448015662,-0.050475746517114)   (0.094380713720203,0.036629241924109)  (-0.067343218148800,0.059983762453055)   (0.134256697056623,0.103329554127883)  (0.212006595284049,-0.086273050220890)  (0.018773543408528,-0.019632537499034)  (-0.032723972503036,0.099567717578901) (-0.143277764442354,-0.000000000096626)
  (0.022603330931721,0.000000000016017) (-0.018503636135801,-0.100008338455242)   (0.085552416421062,0.031524910241453)  (-0.041335824634216,0.018747856113680) (-0.275670835661944,-0.044056412675703)  (-0.091781248809648,0.019242908016854)  (0.027426146462257,-0.038667567992309)   (0.017598983978281,0.045354856589851) (-0.063995901166106,-0.097090914242875)
 (-0.018503636273988,0.100008338384589)  (-0.022551888416817,0.000000000022585) (-0.003851666946189,-0.068266534459226)  (-0.073910751522534,0.046209397038065) (-0.003637082318983,-0.042850289361638)  (-0.096712029038536,0.006062549858089)  (0.026294673461315,-0.069862914293388)  (-0.002781381002292,0.002628451217026)  (-0.084427844023705,0.145216518180746)
 (0.085552416510726,-0.031524910267996)  (-0.003851666996107,0.068266534517687)  (-0.164040550552358,0.000000000009436)  (0.059356567271758,-0.024980618498903)  (-0.126619073005048,0.040696191907339)  (-0.191352370912241,0.027057236415952)  (-0.061321796121187,0.079927489075298) (-0.062470461285278,-0.122202439425772) (-0.038104393684900,-0.018341812121607)
(-0.041335824615937,-0.018747856207634) (-0.073910751378565,-0.046209397069072)   (0.059356567190908,0.024980618503292)  (0.095279175828186,-0.000000000081000)  (0.091753459639245,-0.000096596967700)  (-0.042460662595031,0.027296200543549)  (0.089869930648056,-0.059648868837687)   (0.020356665371971,0.107279514534099) (-0.071925387061024,-0.106298331962300)
 (-0.275670835703516,0.044056412686324)  (-0.003637082390105,0.042850289445429) (-0.126619072891162,-0.040696191935489)   (0.091753459708147,0.000096596934119)  (0.080105983631124,-0.000000000031997)   (0.088658387893220,0.155768801200709)   (0.075708678129768,0.039968450273632) (-0.036396940418687,-0.018420455562157)  (0.162987555620801,-0.036384396472763)
(-0.091781248948637,-0.019242908036177) (-0.096712028912371,-0.006062549952708) (-0.191352370961294,-0.027057236273366) (-0.042460662533234,-0.027296200517391)  (0.088658388028848,-0.155768801196493)  (-0.091464530463968,0.000000000020748)   (0.013951293512670,0.046793447281989)   (0.071123576275140,0.056554567878982)   (0.008797480852433,0.035519461188246)
  (0.027426146515702,0.038667567946801)   (0.026294673384149,0.069862914402160) (-0.061321795843614,-0.079927489177517)   (0.089869930520418,0.059648868957426)  (0.075708678125891,-0.039968450299488)  (0.013951293505564,-0.046793447352372)  (-0.084100017184825,0.000000000071170)  (-0.044386697698079,0.017815780938162)   (0.032375678106563,0.038891621944580)
 (0.017598983984642,-0.045354856520122) (-0.002781380900340,-0.002628450993511)  (-0.062470461481717,0.122202439353391)  (0.020356665590815,-0.107279514425747)  (-0.036396940411764,0.018420455563893)  (0.071123576109639,-0.056554567795482) (-0.044386697754862,-0.017815781018049)  (0.149701999872077,-0.000000000011564) (-0.014290092006887,-0.024083193865473)
 (-0.063995900818035,0.097090914069165) (-0.084427843735588,-0.145216518348686)  (-0.038104393575869,0.018341812149820)  (-0.071925387032272,0.106298331897428)   (0.162987555622060,0.036384396493485)  (0.008797480753251,-0.035519461280287)  (0.032375678024817,-0.038891621834276)  (-0.014290092012405,0.024083193773174)  (0.014466496338393,-0.000000000015396)
 (0.031210646066978,-0.000000000112113) (-0.034070426649198,-0.019905478340343)  (0.084298853571197,-0.149231649079290)   (0.090464549842227,0.000900623650698)   (0.022520451829123,0.008659007493241)  (-0.098327476253528,0.012624428249622)   (0.017246531078862,0.020336803925775)  (-0.163737084591317,0.019483662897763)   (0.066016767287168,0.045892919451042)
 (-0.034070426712540,0.019905478061684) (-0.037292116276213,-0.000000000179688)  (0.035997390202597,-0.098891014421609)  (0.018870886047238,-0.082689584797832) (-0.005884299906667,-0.087987831042254)  (-0.103236084802753,0.078369550916674)  (-0.021424101601366,0.016729686389468)  (-0.068917590026499,0.023870612609700)   (0.184063445232900,0.025134623490145)
  (0.084298853608239,0.149231649005741)   (0.035997390346520,0.098891014284161)  (-0.052019774472683,0.000000000094932)  (0.015982905018860,-0.010452191232972)  (0.064830775405083,-0.284453029547179) (-0.144019626890663,-0.033612069851022)  (-0.004085023247238,0.027698087149676)   (0.024217867318040,0.000567889000485)  (0.058211639082838,-0.037488240851104)
 (0.090464549817004,-0.000900623604670)   (0.018870885952473,0.082689584863366)   (0.015982904747876,0.010452191277023) (-0.026758661033343,-0.000000000032521)   (0.034192423526954,0.012001704788522) (-0.062904548662967,-0.008878225284564) (-0.103612696432279,-0.058741488647261)  (0.064760758101230,-0.016124104368238)  (-0.129792688045051,0.099413634032960)
 (0.022520451685546,-0.008659007463987)  (-0.005884299846872,0.087987830897185)   (0.064830775400372,0.284453029604839)  (0.034192423642512,-0.012001704697557)  (-0.022677587441990,0.000000000047278)  (0.227104334361754,-0.003716791875872) (-0.099807584152172,-0.118782808531066) (-0.026058701428308,-0.077886029523830) (-0.067265368431611,-0.117443207820416)
(-0.098327476209865,-0.012624428457377) (-0.103236084484484,-0.078369550883511)  (-0.144019626905603,0.033612069904170)  (-0.062904548606215,0.008878225391818)   (0.227104334215169,0.003716791986133)   (0.135864842362871,0.000000000011140)  (0.022288228099233,-0.016613724332861) (-0.013027282749654,-0.013198359673801)  (0.009503874195250,-0.082800202165789)
 (0.017246531039501,-0.020336803936044) (-0.021424101536225,-0.016729686373315) (-0.004085023289579,-0.027698087205216)  (-0.103612696626096,0.058741488588047)  (-0.099807584066001,0.118782808666773)   (0.022288228182839,0.016613724447423)  (-0.012644958420465,0.000000000076284)   (0.117818952574632,0.107650420183668)   (0.063614028912133,0.056264118194663)
(-0.163737084519802,-0.019483662859792) (-0.068917590173947,-0.023870612731142)  (0.024217867333315,-0.000567889059688)   (0.064760758140843,0.016124104309957)  (-0.026058701236172,0.077886029368953)  (-0.013027282767343,0.013198359614949)  (0.117818952668580,-0.107650420230678) (-0.076111695841465,-0.000000000060752) (-0.105674654558013,-0.167032855977333)
 (0.066016767332644,-0.045892919427764)  (0.184063445312742,-0.025134623407844)   (0.058211638902503,0.037488240749836) (-0.129792687959897,-0.099413633923327)  (-0.067265368493964,0.117443207794960)   (0.009503873932320,0.082800202241869)  (0.063614028746398,-0.056264118208936)  (-0.105674654584002,0.167032855688655)   (0.060429305062710,0.000000000155441)
(-0.111349152751264,-0.000000000118779)  (0.036712722194770,-0.104602598766826)  (0.056554491004254,-0.043165281418057)   (0.092202415499608,0.051550657122647)   (0.164198788599485,0.061150103518258)  (0.007374468002396,-0.009623115466517)  (0.101960216411614,-0.107158107651361)  (-0.152337447494141,0.121132413617260) (-0.279729670851725,-0.114547888582261)
  (0.036712722158124,0.104602598559934)  (-0.001954687140475,0.000000000018201)   (0.019458434843216,0.030178385236943)  (0.015457369691344,-0.023450014476916)  (0.014863145561435,-0.160190770469483)   (0.078482239157608,0.026587345020753)   (0.045819692163174,0.049254034024346) (-0.060884239265228,-0.093447515360210)  (-0.171036831183184,0.076936680056359)
  (0.056554491022302,0.043165281474285)  (0.019458434812155,-0.030178385334210)  (0.008514986574525,-0.000000000039392)  (-0.119318536692515,0.061957292571678)   (0.086313109568899,0.009788829475553)  (0.098657638234361,-0.003800592623256)  (0.096818925573386,-0.028522515692007)  (-0.148742504115213,0.107431230679568) (-0.153121652831311,-0.015760069721741)
 (0.092202415470722,-0.051550657108605)   (0.015457369608241,0.023450014503347) (-0.119318536530116,-0.061957292500344)  (0.016255792199842,-0.000000000028089)  (0.095830335268268,-0.029061533878689)   (0.029711338607312,0.017716221359189)   (0.009457030346765,0.087188761828496)  (-0.018336220445079,0.030826374177344)  (-0.010614306665891,0.064410531416689)
 (0.164198788433552,-0.061150103475490)   (0.014863145514648,0.160190770576559)  (0.086313109581269,-0.009788829672588)   (0.095830335388500,0.029061533905316)  (-0.102435245174579,0.000000000038802) (-0.083612131095707,-0.127612481142463) (-0.119839616496790,-0.071236756066333)   (0.147550830946923,0.109400673437164)   (0.183822264113083,0.126550793806691)
  (0.007374467992083,0.009623115520779)  (0.078482239163939,-0.026587345040739)   (0.098657638171547,0.003800592462560)  (0.029711338528059,-0.017716221356046)  (-0.083612131039889,0.127612481187865)   (0.031552885966965,0.000000000072002) (-0.030332306295410,-0.082205961726621) (-0.019932708856626,-0.003492825255475)   (0.008082340813867,0.085839108167067)
  (0.101960216394538,0.107158107737517)  (0.045819692158473,-0.049254034167461)   (0.096818925578580,0.028522515476249)  (0.009457030190844,-0.087188761919393)  (-0.119839616413656,0.071236755996076)  (-0.030332306277879,0.082205961685401)   (0.080716432174003,0.000000000022946) (-0.093061588824560,-0.026887379855251)  (0.151205070654495,-0.009235482275679)
(-0.152337447533024,-0.121132413496294)  (-0.060884239449541,0.093447515348448) (-0.148742504030469,-0.107431230467156) (-0.018336220342460,-0.030826374118475)  (0.147550831087980,-0.109400673257547)  (-0.019932708684913,0.003492825446971)  (-0.093061588848699,0.026887379793405)   (0.203144819745332,0.000000000125831) (-0.081645757490644,-0.124638944313651)
 (-0.279729671056321,0.114547888506887) (-0.171036831094390,-0.076936680042271)  (-0.153121652859164,0.015760069790703) (-0.010614306595651,-0.064410531493213)  (0.183822264226098,-0.126550793741305)  (0.008082340688727,-0.085839108197828)   (0.151205070626988,0.009235482557988)  (-0.081645757636753,0.124638944250102) (-0.124445831577422,-0.000000000091523)
