 (0.074226322327816,-0.000000000023064)  (-0.090126918303110,0.057504415715227)  (-0.091974407190193,0.031317062560961)  (0.154132264812213,-0.065829014591118) (-0.026338234147790,-0.024244826239026)   (0.044278774828073,0.095014763812463) (-0.000836190787704,-0.103943635116131)  (-0.057296198718973,0.042197114691412) (-0.092773789466802,-0.054145849354286)
(-0.090126918310737,-0.057504415787019) (-0.028600604553226,-0.000000000029540)  (-0.000901871246748,0.016085482406974)  (-0.158710536898652,0.064646757746397) (-0.042595112537591,-0.000651403625556)   (0.096709246096242,0.040828043356787)  (-0.038520780000499,0.067718609095694)   (0.092352854432073,0.058921139469401)   (0.039896315011617,0.063256279189826)
(-0.091974407181499,-0.031317062593760) (-0.000901871291482,-0.016085482332456) (-0.037442359984650,-0.000000000122565) (-0.075776035160980,-0.053770100289583)  (-0.027572787330950,0.051330925647800)  (0.019180819717129,-0.050843752424970)  (-0.083417321637476,0.017150789797055) (-0.014840605194256,-0.070061455792152)   (0.058192537529208,0.045834958748717)
  (0.154132264859436,0.065829014453578) (-0.158710536831908,-0.064646757732768)  (-0.075776035166798,0.053770100198751)  (-0.058551546486807,0.000000000074609) (-0.082973572024707,-0.023894893559130) (-0.017461751338895,-0.093746742229871)  (0.008107627834187,-0.033781890555367) (-0.035365344055709,-0.044705704949985)  (-0.029462383287757,0.064019791288377)
 (-0.026338234078612,0.024244826242089)  (-0.042595112517903,0.000651403673958) (-0.027572787323553,-0.051330925631313)  (-0.082973571909445,0.023894893585860)  (0.023054144441373,-0.000000000012547)  (-0.027326588147526,0.072062178314442)  (0.075886042428621,-0.035711769424177)  (0.006973877979693,-0.045697277959723) (-0.080887818462158,-0.020022485116307)
 (0.044278774800245,-0.095014763761394)  (0.096709246033780,-0.040828043301386)   (0.019180819648195,0.050843752504527)  (-0.017461751251748,0.093746742334326) (-0.027326588161384,-0.072062178360452)   (0.124152516666718,0.000000000036489)  (-0.006198267269203,0.149566615490778) (-0.058276830797611,-0.020589113502559) (-0.056150181205968,-0.070453489049660)
 (-0.000836190728949,0.103943635065409) (-0.038520780047948,-0.067718609001289) (-0.083417321636638,-0.017150789933445)   (0.008107627782953,0.033781890593792)   (0.075886042358179,0.035711769424475) (-0.006198267223481,-0.149566615564674)  (-0.032162813713366,0.000000000050918)   (0.014467917545159,0.065844043448917)  (0.066592900896795,-0.049469752487834)
(-0.057296198712580,-0.042197114710696)  (0.092352854403196,-0.058921139538953)  (-0.014840605102057,0.070061455869206)  (-0.035365344079098,0.044705704985946)   (0.006973877858749,0.045697277944059)  (-0.058276830798501,0.020589113516597)  (0.014467917454987,-0.065844043445006)   (0.087146982659096,0.000000000005291)   (0.055869138752535,0.074245645480846)
 (-0.092773789429230,0.054145849416508)  (0.039896314892440,-0.063256279221919)  (0.058192537572349,-0.045834958724569) (-0.029462383342718,-0.064019791314646)  (-0.080887818497637,0.020022485080815)  (-0.056150181199404,0.070453489156734)   (0.066592900867372,0.049469752515740)  (0.055869138832122,-0.074245645437252)  (-0.151822641357207,0.000000000020408)
 (-0.075684004907042,0.000000000034732)   (0.098165218960880,0.008760558898830)  (-0.081314232790900,0.030535063226518)  (0.043100271940464,-0.020783505896485)  (0.003212061577860,-0.078939802657494) (-0.049008898033141,-0.046360194196512)  (-0.165539332832802,0.045834579535303)   (0.027626675718159,0.000033955277417)   (0.043171429119592,0.068370828096612)
 (0.098165218885738,-0.008760558949634)  (0.048541466188968,-0.000000000030845)  (0.037782720475654,-0.016114954328769)   (0.005131914397530,0.079629740572102)  (0.005706536013348,-0.019087691978376)   (0.045734692343197,0.038023469882485)  (0.010268424049854,-0.035149987232054)  (0.002162968069648,-0.067720908518265)  (-0.017530318820084,0.022353722410543)
(-0.081314232741195,-0.030535063295516)   (0.037782720460357,0.016114954335952)   (0.040723689513723,0.000000000026409)   (0.047200285537140,0.042606869152884)   (0.031124180321774,0.032743689274003)  (0.006722697322286,-0.010968384399937)  (0.101051775742135,-0.130237076792242)  (-0.041722383915871,0.029567333650560) (-0.031497188236902,-0.125967531971603)
  (0.043100271793631,0.020783505999380)  (0.005131914382125,-0.079629740503976)  (0.047200285436997,-0.042606869263253)  (0.130979262219654,-0.000000000114276)   (0.019467552596228,0.032703264801360)   (0.002750085080110,0.027983579820641)  (0.026205189670275,-0.025723448754654)   (0.108406060292549,0.118028772507762)  (0.197996497605849,-0.133683514453228)
  (0.003212061610563,0.078939802558658)   (0.005706536003120,0.019087692042750)  (0.031124180437663,-0.032743689272731)  (0.019467552601483,-0.032703264881527)  (-0.023617701996672,0.000000000069813)  (0.068694531624185,-0.019813124510004)  (-0.035125059431579,0.018909054244214) (-0.094145231921046,-0.050805454031219) (-0.125964362227094,-0.133025798418285)
 (-0.049008897993790,0.046360194268581)  (0.045734692442723,-0.038023469896503)   (0.006722697283118,0.010968384398892)  (0.002750085185741,-0.027983579724301)   (0.068694531646537,0.019813124402255)  (-0.108617280932389,0.000000000014156)   (0.118420460131652,0.042754656024341)   (0.048138190156999,0.086136541652799) (-0.024663690512237,-0.099026491078743)
(-0.165539332754616,-0.045834579489607)   (0.010268423924049,0.035149987225145)   (0.101051775824823,0.130237076834620)   (0.026205189714129,0.025723448812425) (-0.035125059336288,-0.018909054297674)  (0.118420460189514,-0.042754655961450) (-0.060046468956695,-0.000000000079062)   (0.023854044742380,0.005178128843619)  (0.070384511601053,-0.054523480051950)
 (0.027626675860806,-0.000033955304618)   (0.002162968011228,0.067720908474820) (-0.041722383849969,-0.029567333662199)  (0.108406060235179,-0.118028772493117)  (-0.094145231805276,0.050805453953309)  (0.048138190163337,-0.086136541724368)  (0.023854044696071,-0.005178128774348)   (0.056070385896271,0.000000000015332) (-0.116469927458777,-0.044282433706195)
 (0.043171429134957,-0.068370828054726) (-0.017530318757550,-0.022353722286676)  (-0.031497188250703,0.125967531977541)   (0.197996497623896,0.133683514481369)  (-0.125964362096781,0.133025798518781)  (-0.024663690498733,0.099026490972261)   (0.070384511513821,0.054523480122785)  (-0.116469927444181,0.044282433618570)  (-0.008349347025926,0.000000000063741)
  (0.003749791989124,0.000000000039915)   (0.045028834822501,0.010794442223688)  (0.008031031975889,-0.099640582589774)  (0.064800073110384,-0.033735438785991)   (0.131664392286116,0.205634573292056)   (0.091034935631698,0.082608312199644)  (-0.102766319628419,0.092938595700932)   (0.024294466849513,0.005546995253446)  (0.195492781887261,-0.098736524741023)
 (0.045028834885780,-0.010794442249815)  (-0.073120226231039,0.000000000080827) (-0.034627957946749,-0.015817021418572) (-0.010464707374004,-0.003115405148425) (-0.110618992292312,-0.100492187314329)  (0.061478801992062,-0.083835633082248)   (0.052680518417123,0.070693122225647)  (-0.090966032264005,0.083300257488345)  (-0.057887566538643,0.026032762289097)
  (0.008031032001519,0.099640582546481)  (-0.034627957781246,0.015817021426759)  (0.111679314496926,-0.000000000036099)   (0.016999587039181,0.143782418128008) (-0.065348379265186,-0.086909131076227)  (-0.081432580876942,0.018348415600299)   (0.046447070869160,0.038620004488920)  (-0.023777738330608,0.042990152965864)  (-0.030507145543752,0.011091043447143)
  (0.064800073160274,0.033735438847741)  (-0.010464707308047,0.003115405118478)  (0.016999586865788,-0.143782418067093)  (0.039352807821518,-0.000000000014912)  (-0.001836272876800,0.067235069899348)  (0.051254830227981,-0.072581304547011) (-0.027776222020046,-0.057561462690367) (-0.004936495039081,-0.040508864771950) (-0.106745229328863,-0.097284384975164)
 (0.131664392175663,-0.205634573202543)  (-0.110618992228473,0.100492187375347)  (-0.065348379326982,0.086909131082656) (-0.001836272852994,-0.067235070105732)  (-0.075097665085760,0.000000000066458)   (0.080351230625612,0.051899625497404)   (0.008358184284961,0.032355950254678)  (0.028791717152140,-0.035243725935928) (-0.094210326693510,-0.135002707934600)
 (0.091034935518954,-0.082608312309867)   (0.061478801911624,0.083835633060799) (-0.081432580843202,-0.018348415596136)   (0.051254830148560,0.072581304561876)  (0.080351230673332,-0.051899625318433) (-0.072188476729474,-0.000000000042928) (-0.014910066630139,-0.045455206092950)  (-0.027769220057107,0.036473627972850) (-0.040810225444525,-0.098838182254528)
(-0.102766319662677,-0.092938595681867)  (0.052680518422384,-0.070693122338586)  (0.046447070870068,-0.038620004482741)  (-0.027776222015844,0.057561462582508)  (0.008358184343675,-0.032355950218583)  (-0.014910066697515,0.045455206104252)  (0.134612846180860,-0.000000000063433)  (-0.014849630578964,0.125478667879655)  (0.079696690423760,-0.072435982804857)
 (0.024294466877039,-0.005546995214821) (-0.090966032337795,-0.083300257509644) (-0.023777738351446,-0.042990153017416)  (-0.004936494990062,0.040508864789896)   (0.028791717123473,0.035243725961398) (-0.027769219973764,-0.036473627926430) (-0.014849630480254,-0.125478667806222)  (-0.033589867745676,0.000000000021969)   (0.058307169859358,0.130545767600067)
  (0.195492781885105,0.098736524898282) (-0.057887566545487,-0.026032762320449) (-0.030507145552939,-0.011091043416035)  (-0.106745229379956,0.097284384942380)  (-0.094210326706041,0.135002708028545)  (-0.040810225497904,0.098838182291275)   (0.079696690473472,0.072435982836427)  (0.058307169853999,-0.130545767644082) (-0.035398524696459,-0.000000000051796)
 (0.150174632568695,-0.000000000019029)   (0.016001320004458,0.026699710045159)   (0.073514625760926,0.010556055586006)  (0.139279057811475,-0.041001274026968) (-0.023317350130972,-0.131705227219215)  (-0.089990209337279,0.010959144937868) (-0.004787501719977,-0.082763545825040)   (0.010418121352234,0.049078464491585) (-0.021514436990259,-0.082157026672251)
 (0.016001319937600,-0.026699710039199)  (-0.127896167292662,0.000000000017543) (-0.063863569585522,-0.129261981362649)  (-0.074418147100956,0.126008674927830)  (-0.026231879097656,0.132796809459291)   (0.049783433650062,0.049144084389292)  (0.165838500075144,-0.008695819614834)   (0.036704651348713,0.003230928347777) (-0.025213607060797,-0.016974507963964)
 (0.073514625758284,-0.010556055616665)  (-0.063863569527911,0.129261981322318)  (0.056654009696245,-0.000000000053748)  (0.013100846050080,-0.068125754122801)  (0.063384284662734,-0.009456909653216) (-0.003152372565744,-0.104579209763355)   (0.038221859336625,0.022149239705467) (-0.000008031693053,-0.115926497108252)   (0.056060564614597,0.041069088264615)
  (0.139279057875358,0.041001274037215) (-0.074418147129064,-0.126008674893548)   (0.013100846133766,0.068125754147117)   (0.014749648583768,0.000000000077319)  (-0.094183067650621,0.021106346433767)  (-0.001544150064722,0.058065512541038)  (-0.079635320804933,0.011666889613874)  (0.030685119226993,-0.063096742692940)  (-0.031651398727711,0.102201723660020)
 (-0.023317350160035,0.131705227243568) (-0.026231879184616,-0.132796809525479)   (0.063384284568061,0.009456909684138) (-0.094183067550317,-0.021106346324869) (-0.046028821824846,-0.000000000028420)  (0.045716692751914,-0.036089428351846)  (-0.009378818205038,0.027396881638194)  (0.015877021985625,-0.076083831567806) (-0.056424880870335,-0.024293504840695)
(-0.089990209240321,-0.010959145005718)  (0.049783433581821,-0.049144084374178)  (-0.003152372535799,0.104579209733773) (-0.001544150087263,-0.058065512537483)   (0.045716692701302,0.036089428470636)  (-0.043949602592363,0.000000000061841)  (-0.087163146593383,0.106300336140824) (-0.004449723720579,-0.045178848187115)  (-0.054698721515754,0.013374311587791)
 (-0.004787501749571,0.082763545801901)   (0.165838500009016,0.008695819669454)  (0.038221859322540,-0.022149239719849) (-0.079635320858342,-0.011666889502589) (-0.009378818133401,-0.027396881488198) (-0.087163146688086,-0.106300336192433)  (-0.015007954629843,0.000000000051260) (-0.031531925736905,-0.002472895846387)   (0.129746766260148,0.060030157980021)
 (0.010418121272916,-0.049078464476363)  (0.036704651416759,-0.003230928282084)  (-0.000008031618725,0.115926497021556)   (0.030685119192726,0.063096742755018)   (0.015877022090139,0.076083831473966)  (-0.004449723683139,0.045178848145776)  (-0.031531925697755,0.002472895777776)   (0.013893923713326,0.000000000020233)  (0.086382231317855,-0.002022577408754)
 (-0.021514437043548,0.082157026576547)  (-0.025213607008908,0.016974507989631)  (0.056060564571136,-0.041069088295231) (-0.031651398736162,-0.102201723746092)  (-0.056424880930868,0.024293504879249) (-0.054698721661554,-0.013374311726170)  (0.129746766242770,-0.060030158001231)   (0.086382231381040,0.002022577389470) (-0.002589668222043,-0.000000000126999)
(-0.105226406084007,-0.000000000035045) (-0.066974900742134,-0.111357427611331) (-0.006510789950399,-0.011040106398420)  (0.052868199137485,-0.018947078686814)  (0.045669127365929,-0.010390287142419)  (-0.076148006987243,0.057392873058716)   (0.060225221173834,0.050822766088791) (-0.002296854789218,-0.094980864377250)   (0.013173779863837,0.010641448389770)
 (-0.066974900735114,0.111357427645092)  (0.003298042444930,-0.000000000094546)  (-0.095368054594706,0.034691035683931)  (-0.085827446119067,0.023596540958814) (-0.081188935894212,-0.063809243766322)   (0.054128535389910,0.017299329842168) (-0.024593905049736,-0.013733060121112)  (0.062493725980206,-0.016149633582706)   (0.007898859713303,0.084448053897000)
 (-0.006510789924574,0.011040106361720) (-0.095368054612812,-0.034691035607065)  (-0.007265301565352,0.000000000008487) (-0.132812451237191,-0.011793959421900)  (-0.022222497861301,0.042863212623158) (-0.036913822639121,-0.060171607988649)  (-0.006769990724086,0.008020629633836)  (0.054694897190984,-0.042045218642146)  (0.104723415995063,-0.072453915313339)
  (0.052868199108273,0.018947078694074) (-0.085827446145023,-0.023596541072428)  (-0.132812451218996,0.011793959361656)   (0.088448580841126,0.000000000035012)   (0.048704872357030,0.032040071415494)  (-0.036431081938157,0.119410624800574)  (-0.027536547427538,0.012665831854133) (-0.105473939909556,-0.062828728815898) (-0.127306085952779,-0.005156071622708)
  (0.045669127412842,0.010390287125455)  (-0.081188936006991,0.063809243660037) (-0.022222497983112,-0.042863212657555)  (0.048704872434468,-0.032040071299041)   (0.009210832892364,0.000000000010749)   (0.060449374884487,0.109295780665312)  (0.035949809436828,-0.119245251670499)   (0.004402995194395,0.056363791727724)  (0.023417714061682,-0.041963976387021)
(-0.076148007141552,-0.057392873049655)  (0.054128535399600,-0.017299329765663)  (-0.036913822631808,0.060171607994629) (-0.036431081893906,-0.119410624783931)  (0.060449374829445,-0.109295780527663)   (0.013739233488089,0.000000000029310)  (-0.058837394181839,0.074253934333242)  (0.038404583894740,-0.009949398364906) (-0.005794063433243,-0.111547263454623)
 (0.060225221163735,-0.050822766142866)  (-0.024593905046692,0.013733060112701) (-0.006769990643878,-0.008020629629264) (-0.027536547486644,-0.012665831802935)   (0.035949809450043,0.119245251759152) (-0.058837394191751,-0.074253934443082)  (0.065555124477935,-0.000000000029093)  (0.069835831423094,-0.045962178771966)  (-0.128345396856437,0.028326552597659)
 (-0.002296854770249,0.094980864310584)   (0.062493726078994,0.016149633656705)   (0.054694897270144,0.042045218656899)  (-0.105473939902557,0.062828728796923)  (0.004402995057253,-0.056363791737622)   (0.038404583844944,0.009949398317519)   (0.069835831432688,0.045962178783885)   (0.165743270609896,0.000000000017355)  (0.022859814410134,-0.022953773119337)
 (0.013173779828835,-0.010641448382005)  (0.007898859671556,-0.084448053933981)   (0.104723415985894,0.072453915210811)  (-0.127306085959112,0.005156071545710)   (0.023417714102945,0.041963976434561)  (-0.005794063513286,0.111547263437897) (-0.128345396724884,-0.028326552624975)   (0.022859814374060,0.022953773213559)  (-0.233503377104728,0.000000000057772)
(-0.070759965548439,-0.000000000026030) (-0.018195819235443,-0.031138947484138) (-0.033110330870237,-0.058507383016765)  (0.010976681703929,-0.124921625091299)   (0.103073638805711,0.000310690133056) (-0.197496920854023,-0.075703522105161)   (0.036064068358388,0.007504522398256)   (0.037065603736902,0.121087124763174)  (-0.164091834882215,0.011898701093172)
 (-0.018195819230214,0.031138947515056) (-0.005356900378077,-0.000000000063247) (-0.007826837754681,-0.059401546969822)   (0.026586041000916,0.121112956820275) (-0.139135847940102,-0.034696097824769)   (0.059067848757053,0.066043601866790)  (-0.025028827106572,0.088414597124298)  (-0.081089834638712,0.027416565068096)   (0.085656150838610,0.065207770717684)
 (-0.033110330838715,0.058507382873525)  (-0.007826837763964,0.059401547045245)   (0.068917947637414,0.000000000097906)   (0.135382031513272,0.043763226664629) (-0.052642835703727,-0.085516499884333)  (0.081750625717460,-0.017977469475107) (-0.048631036582503,-0.021325479800456)  (-0.053994824566045,0.062978934148054)   (0.040313707163611,0.178356890669420)
  (0.010976681615840,0.124921625070210)  (0.026586041174946,-0.121112956746465)  (0.135382031496056,-0.043763226577263)  (-0.081173788499651,0.000000000075828)  (0.092720615556304,-0.088701794969714) (-0.164559733106982,-0.123180463297703) (-0.144452546576095,-0.032581543775826)   (0.170981941727412,0.149981422816729)   (0.073428157537380,0.043127242109048)
 (0.103073638898244,-0.000310690215556)  (-0.139135848002582,0.034696097915717)  (-0.052642835460297,0.085516500055293)   (0.092720615552423,0.088701794942636)  (-0.064158876992932,0.000000000058200)   (0.001424541338024,0.193762473329832) (-0.028327712479803,-0.084373105846155)  (-0.045384852280282,0.006421764569800)   (0.011679535029111,0.002585680032410)
 (-0.197496920767846,0.075703522046316)  (0.059067848669754,-0.066043601735330)   (0.081750625733556,0.017977469493515)  (-0.164559733105681,0.123180463222257)  (0.001424541281832,-0.193762473334039)  (0.045137711594320,-0.000000000072816)   (0.039786489420609,0.131821127406470)  (-0.001191022022485,0.092215067487733) (-0.136224721479676,-0.062124712903347)
 (0.036064068437923,-0.007504522397725) (-0.025028827152665,-0.088414597055637)  (-0.048631036437305,0.021325479691461)  (-0.144452546588370,0.032581543812930)  (-0.028327712408358,0.084373105816637)  (0.039786489278822,-0.131821127419427)  (0.113055819407328,-0.000000000088397) (-0.046458243613838,-0.013907773450415)  (0.022189249336503,-0.020342810856228)
 (0.037065603619563,-0.121087124763707) (-0.081089834555115,-0.027416565114260) (-0.053994824679194,-0.062978934115402)  (0.170981941720391,-0.149981422832506) (-0.045384852362671,-0.006421764726815) (-0.001191022103845,-0.092215067579573)  (-0.046458243675956,0.013907773414165) (-0.008381511835833,-0.000000000024250)  (0.071046442557835,-0.012959184756799)
(-0.164091834919580,-0.011898701079170)  (0.085656150804420,-0.065207770845711)  (0.040313707252752,-0.178356890632454)  (0.073428157539386,-0.043127242116137)  (0.011679535026803,-0.002585679987374)  (-0.136224721526072,0.062124713011782)   (0.022189249386959,0.020342810856957)   (0.071046442522954,0.012959184693069)   (0.002719564615722,0.000000000042806)
  (0.021317269298502,0.000000000003960)   (0.077243779149967,0.075309269730653) (-0.135190434275752,-0.049558477805437)   (0.065416815609789,0.081664093538368)   (0.155464914167031,0.064102473965122)   (0.101887464156207,0.128722391442115)  (-0.037174068281938,0.006326047756107)  (0.086915137506177,-0.047523052975372) (-0.007575001001652,-0.031562075323153)
 (0.077243779258188,-0.075309269754083)  (0.152352175219417,-0.000000000093045) (-0.019727683739299,-0.007591504120561)  (0.002383235507108,-0.031975730672833) (-0.093624178870652,-0.008233612726844)  (0.048736716325088,-0.081728211144841)   (0.039100043254276,0.045248152670675)   (0.036441090109573,0.075945703350402)   (0.045667291825962,0.050685094150520)
 (-0.135190434361379,0.049558477867675)  (-0.019727683676144,0.007591504143000)  (0.158418014143463,-0.000000000043503)  (0.095532529683049,-0.027525851333766)  (0.089156659398962,-0.056950312927420)  (0.052961632517462,-0.050602681122377)   (0.058587951171588,0.045032439154906)   (0.000295428774521,0.040892296494947)  (0.133525021239150,-0.117888782390705)
 (0.065416815667755,-0.081664093626257)   (0.002383235397254,0.031975730720413)   (0.095532529673978,0.027525851246673)  (-0.076347946266666,0.000000000105446)  (0.040741380525201,-0.019553790829948)   (0.074872026041752,0.024222757539967)  (0.072341349979092,-0.110442769346846) (-0.036787818756957,-0.029918007114013)  (-0.064290914967440,0.020209047842430)
 (0.155464914095827,-0.064102474058233)  (-0.093624179015879,0.008233612689981)   (0.089156659370860,0.056950312909918)   (0.040741380551825,0.019553790971062)   (0.016431737024479,0.000000000075278)   (0.112564368530048,0.018889922106055)  (-0.037486568883770,0.041550976946282)   (0.052505749146589,0.106835321301601)  (0.076903568217473,-0.039197934553247)
 (0.101887464174052,-0.128722391361581)   (0.048736716194104,0.081728211171375)   (0.052961632481248,0.050602680930038)  (0.074872025983279,-0.024222757460164)  (0.112564368446307,-0.018889922168128)  (-0.084887884465227,0.000000000054794)  (0.058691544727813,-0.043339811042512) (-0.065959480938518,-0.051249647191815)   (0.024559975449689,0.058447624748265)
(-0.037174068347797,-0.006326047798210)  (0.039100043336850,-0.045248152621291)  (0.058587951129355,-0.045032439063510)   (0.072341349949544,0.110442769276479) (-0.037486569030203,-0.041550976980514)   (0.058691544782069,0.043339811065992) (-0.084847949110372,-0.000000000019701)  (0.035361694443172,-0.024025104141755)  (-0.067121756912342,0.056200736889464)
  (0.086915137501925,0.047523052890481)  (0.036441090076723,-0.075945703476474)  (0.000295428788171,-0.040892296318988)  (-0.036787818805885,0.029918007030625)  (0.052505749038095,-0.106835321183911)  (-0.065959480849008,0.051249647221610)   (0.035361694503951,0.024025104215818)  (0.082749667092824,-0.000000000080584)   (0.030152509702740,0.017509348652052)
 (-0.007575001098355,0.031562075368318)  (0.045667291741193,-0.050685094130530)   (0.133525021179647,0.117888782429673) (-0.064290914992126,-0.020209047794692)   (0.076903568179310,0.039197934616168)  (0.024559975576202,-0.058447624645712) (-0.067121756934584,-0.056200736910986)  (0.030152509765952,-0.017509348683295) (-0.185185082936457,-0.000000000002646)
 (-0.009748157991410,0.000000000065443)   (0.128389823230366,0.137615238093251)   (0.033352963429090,0.020492382581424)  (-0.020310479136651,0.086663384950552) (-0.097036187166257,-0.084292485653273)   (0.074293826908639,0.067032077029823)  (0.030300160230966,-0.092254546973875)  (0.171431915870389,-0.041426624749890)  (-0.081959092365044,0.094375608887928)
 (0.128389823256056,-0.137615238046887)   (0.037467621718746,0.000000000105253)  (-0.009182742172227,0.052071075701253)  (0.040209355790473,-0.119982631711226)   (0.059129441928584,0.048603513854915)   (0.105531101981881,0.063465442496598)  (0.148835560589318,-0.089191419190127) (-0.100095251921540,-0.073674751338810) (-0.060136087557976,-0.025714947799709)
 (0.033352963435603,-0.020492382427718) (-0.009182742216969,-0.052071075614359) (-0.151948058238392,-0.000000000058971)   (0.018533253702898,0.024781354897230)   (0.058741967993274,0.101026894452064)   (0.087553199363699,0.105611310315868)   (0.028960210075043,0.001271746209916) (-0.080765271068098,-0.104649110043574)  (-0.063021997200462,0.110710986256684)
(-0.020310479088183,-0.086663384927316)   (0.040209355826184,0.119982631772190)  (0.018533253808783,-0.024781354909166)   (0.180311553848834,0.000000000071365)   (0.000368117604385,0.067381468154374)  (0.035651660443502,-0.025389843458348) (-0.050545287202197,-0.001471391000410)  (-0.018282359186564,0.012790608323597)  (0.060447732859322,-0.064920939421288)
 (-0.097036187176340,0.084292485654238)  (0.059129441893249,-0.048603513820668)  (0.058741968009443,-0.101026894462355)  (0.000368117599867,-0.067381468191363)  (0.045421090039307,-0.000000000085810)  (-0.138923399795635,0.010434424602771)  (-0.010916687740529,0.086728331324067)   (0.139830574667926,0.043262525797974)   (0.045970273184433,0.071081502107583)
 (0.074293826937905,-0.067032076864606)  (0.105531101878817,-0.063465442501526)  (0.087553199231447,-0.105611310307056)   (0.035651660487282,0.025389843483588) (-0.138923399683049,-0.010434424563745)  (-0.055619984498860,0.000000000001275)  (0.026356847517387,-0.048782245056057)   (0.029819697900348,0.057326362445134)  (-0.011966078572268,0.087987387538927)
  (0.030300160215292,0.092254547039551)   (0.148835560644253,0.089191419242898)  (0.028960210119284,-0.001271746156002)  (-0.050545287128298,0.001471390973678) (-0.010916687674831,-0.086728331234647)   (0.026356847455913,0.048782244924506) (-0.116766182669027,-0.000000000023043)  (0.045434150822292,-0.044314082291762)  (0.017665759202292,-0.015944059422085)
  (0.171431915949827,0.041426624606172)  (-0.100095251926855,0.073674751486115)  (-0.080765271095824,0.104649110011100) (-0.018282359284761,-0.012790608175224)  (0.139830574598283,-0.043262525647613)  (0.029819697932215,-0.057326362436626)   (0.045434150819606,0.044314082356390)  (-0.025611059434190,0.000000000009088)   (0.044728832979077,0.024619621809543)
(-0.081959092361926,-0.094375608771171)  (-0.060136087571008,0.025714947715793) (-0.063021997075391,-0.110710986322315)   (0.060447732765690,0.064920939504474)  (0.045970273202300,-0.071081502063563) (-0.011966078627411,-0.087987387620571)   (0.017665759257354,0.015944059412873)  (0.044728833010926,-0.024619621790160)  (0.096493177224507,-0.000000000084600)
  (0.036244791288860,0.000000000029662)  (0.098341611150216,-0.026514052307913) (-0.006272233273134,-0.028815095484501)  (-0.181876228295364,0.011787582566963) (-0.103441722733945,-0.092078724278710)   (0.015729175700606,0.065029223602381)  (0.056126776051853,-0.005120357587441)   (0.053428138499976,0.010138851128140)  (0.069036305450519,-0.024126121517617)
  (0.098341611072832,0.026514052320267)  (-0.101022712286222,0.000000000000892) (-0.082878840436646,-0.021596735619127)   (0.100596683604498,0.043240187008436)   (0.091943762338875,0.191514094137659) (-0.090735045277768,-0.126576756593572)  (-0.133148634440268,0.009622210133774)   (0.023248163398351,0.013621966015472)   (0.076938348678130,0.018350139993079)
 (-0.006272233253126,0.028815095469661)  (-0.082878840458933,0.021596735687236)   (0.154813862583227,0.000000000012138) (-0.060181460566146,-0.145963702289424)  (0.022514755970076,-0.037618940225006)  (0.021260620410749,-0.002489307921679)  (0.048049152071558,-0.009050926846106)  (0.050829772438079,-0.058067121891798)  (0.103459800279016,-0.121000523639197)
(-0.181876228327212,-0.011787582460101)  (0.100596683656268,-0.043240186902639)  (-0.060181460539961,0.145963702230284) (-0.115300685517453,-0.000000000051020) (-0.050704070829194,-0.083164990270711)  (0.076688922857683,-0.061432746437108) (-0.076318147483501,-0.034008493073574)  (0.043151683264407,-0.036517267066341)  (-0.071681458867780,0.025771767881190)
 (-0.103441722725174,0.092078724282431)  (0.091943762233636,-0.191514094213601)   (0.022514755947769,0.037618940299932)  (-0.050704070862613,0.083164990298366)   (0.093268756105751,0.000000000020350)   (0.043527421786907,0.063018801522750)  (-0.074226103555232,0.080166047879104)  (-0.094030253565656,0.048707160715292) (-0.011826834510707,-0.115372715698207)
 (0.015729175741684,-0.065029223577273)  (-0.090735045244265,0.126576756645135)   (0.021260620411472,0.002489307977867)   (0.076688922979572,0.061432746376964)  (0.043527421787904,-0.063018801546581)  (0.093308404031840,-0.000000000033016)  (0.095248955450151,-0.043485740758481)   (0.041201629931842,0.033315226187252) (-0.058951923299421,-0.000409995547197)
  (0.056126776078536,0.005120357655477) (-0.133148634467688,-0.009622210238611)   (0.048049152080950,0.009050926918035)  (-0.076318147528438,0.034008493011625) (-0.074226103673885,-0.080166047858999)   (0.095248955390125,0.043485740821030)  (-0.158352466791462,0.000000000010248)  (0.043509719478227,-0.094406830200751) (-0.007661430401378,-0.136125359478600)
 (0.053428138585608,-0.010138851117426)  (0.023248163467808,-0.013621965949796)   (0.050829772311727,0.058067121642492)   (0.043151683226233,0.036517267194831) (-0.094030253543313,-0.048707160765194)  (0.041201629940214,-0.033315226341197)   (0.043509719475636,0.094406830180923) (-0.110388475928490,-0.000000000040898) (-0.025095236686699,-0.045925156059602)
  (0.069036305547860,0.024126121533140)  (0.076938348729128,-0.018350139978794)   (0.103459800345408,0.121000523574751) (-0.071681458913978,-0.025771767882933)  (-0.011826834461781,0.115372715777247)  (-0.058951923363687,0.000409995644319)  (-0.007661430254807,0.136125359350999)  (-0.025095236656052,0.045925156062157)   (0.107428526513866,0.000000000051645)
