 (0.024540768809338,-0.000000000021440)   (0.048124554745833,0.010456627573738)  (-0.058278572823046,0.173740757221088)  (0.025478066207149,-0.063527520566888) (-0.031033900176430,-0.115254720501687)   (0.059810543809849,0.077112534365336)   (0.003002333795998,0.063526264254163) (-0.115672750912269,-0.106741914212773)  (0.031844661159191,-0.017707802569402)
 (0.048124554757621,-0.010456627675910) (-0.137752894935896,-0.000000000000215) (-0.036840751573402,-0.048702101364086) (-0.187596130000376,-0.014726051162759)  (-0.145827165042182,0.106527589246490)   (0.061239661110757,0.045779261963785) (-0.084935403464719,-0.104119826810887)  (0.146156899103957,-0.072323766862260)   (0.065037673619435,0.115884848890790)
(-0.058278572801074,-0.173740757341600)  (-0.036840751470308,0.048702101382666)  (0.031553607590669,-0.000000000094887) (-0.022644634120193,-0.062559565798349)   (0.087872135231139,0.026205020459078)   (0.064302603231433,0.007042553833532)   (0.083159335172629,0.117483337098425) (-0.103682275672640,-0.051553714448028)  (-0.053697351448965,0.039976703432947)
  (0.025478066113781,0.063527520490328)  (-0.187596129893707,0.014726051292133)  (-0.022644634218474,0.062559565844117)   (0.109593862580867,0.000000000023903) (-0.044214147352829,-0.087934119529422)  (0.220486594901870,-0.243166024382556)  (0.007898139875432,-0.027194756683687)   (0.037135337833420,0.115962235795025) (-0.068964691966792,-0.070314224582354)
 (-0.031033900192265,0.115254720514266) (-0.145827164995178,-0.106527589323232)  (0.087872135220434,-0.026205020465152)  (-0.044214147354475,0.087934119490231)  (-0.035046529020108,0.000000000030179)  (-0.070322420614192,0.075551889377124)  (0.074743590296755,-0.038120632388370)  (0.096479571874243,-0.057931574993817)  (0.016198678528414,-0.123179951679190)
 (0.059810543834254,-0.077112534413476)  (0.061239661177366,-0.045779262059897)  (0.064302603211466,-0.007042553811904)   (0.220486594908202,0.243166024413955) (-0.070322420586965,-0.075551889404701)  (0.046132105956763,-0.000000000050201)   (0.076631457447840,0.062012969332798)   (0.082159461310839,0.009494522785954)  (-0.016162669046646,0.035496682135568)
 (0.003002333688741,-0.063526264257901)  (-0.084935403423572,0.104119826856347)  (0.083159335180818,-0.117483337111384)   (0.007898139874186,0.027194756675522)   (0.074743590322894,0.038120632451963)  (0.076631457361499,-0.062012969331347)   (0.095979066268842,0.000000000075913)  (-0.002701343519371,0.028615024281458)  (-0.138037221585636,0.013492653417502)
 (-0.115672750881205,0.106741914165293)   (0.146156899163468,0.072323766780529)  (-0.103682275594802,0.051553714379494)  (0.037135338046585,-0.115962235914692)   (0.096479571883809,0.057931575052428)  (0.082159461272243,-0.009494522782973) (-0.002701343574150,-0.028615024321128) (-0.108015674372181,-0.000000000032736) (-0.129527950828029,-0.010340145394258)
  (0.031844661187420,0.017707802446011)  (0.065037673595568,-0.115884848892275) (-0.053697351477585,-0.039976703251993)  (-0.068964692023525,0.070314224580326)   (0.016198678480749,0.123179951777196) (-0.016162669130736,-0.035496682020603) (-0.138037221698799,-0.013492653510073)  (-0.129527950865651,0.010340145376063)  (-0.026984312878298,0.000000000069484)
(-0.037108337311556,-0.000000000024060)  (-0.016251356570091,0.136239647889289)  (0.145472113219327,-0.025499323099272)   (0.009056248327224,0.006753040214605) (-0.115774416482805,-0.082106052591528) (-0.050053094580597,-0.081397650441002) (-0.038782926474283,-0.109128399075581)  (0.059201670577810,-0.125840844979375)  (-0.051304358001920,0.137642752258238)
(-0.016251356619082,-0.136239647940190)   (0.038034668223049,0.000000000074957)   (0.034552745223319,0.016221103940618)  (-0.044649785057042,0.003199112533227)   (0.052134035001192,0.143272219749075)  (0.051494272894721,-0.012713433220325)  (-0.027324850049447,0.026399094189631)  (-0.072664644084443,0.059760033932214)  (-0.039513760328755,0.061424314295960)
  (0.145472113302393,0.025499323107245)  (0.034552745160389,-0.016221103912751)   (0.091800967608839,0.000000000003644)   (0.015982253320720,0.035909131594041) (-0.003815662018396,-0.030320608332445) (-0.063714215566251,-0.041855884801674) (-0.028419935286105,-0.050035811438992)   (0.064689239266457,0.119482468160935)  (-0.047252911148433,0.078365701391510)
 (0.009056248400350,-0.006753040302934) (-0.044649785022115,-0.003199112479580)  (0.015982253294291,-0.035909131520999) (-0.055543775036441,-0.000000000100912)  (-0.094893539788334,0.054630534176413)  (0.004109951854559,-0.015404841574116)  (0.114698944554100,-0.098554484401707)  (0.029716064705315,-0.001956931823454)  (-0.148562228984258,0.072869990062207)
 (-0.115774416489521,0.082106052548073)  (0.052134035093244,-0.143272219736604)  (-0.003815661956090,0.030320608319682) (-0.094893539735444,-0.054630534098546)   (0.119851168381550,0.000000000033381)  (-0.001020223902921,0.133312411276398)   (0.077763574285790,0.030728906179460) (-0.117844271392137,-0.050770337440577)  (-0.019843629588553,0.019669980927475)
 (-0.050053094576175,0.081397650479288)   (0.051494272873236,0.012713433212408)  (-0.063714215578791,0.041855884856566)   (0.004109951801441,0.015404841596896) (-0.001020224032879,-0.133312411188200) (-0.173878360812951,-0.000000000003765)   (0.026758417654034,0.056935143825328)  (0.121193813245526,-0.051253806070967) (-0.002741221835716,-0.144784660253241)
 (-0.038782926525597,0.109128399036571) (-0.027324850003430,-0.026399094151867)  (-0.028419935255078,0.050035811426272)   (0.114698944688673,0.098554484364324)  (0.077763574311939,-0.030728906149309)  (0.026758417681922,-0.056935143749360)  (-0.035095167199893,0.000000000028535)  (-0.119204593616122,0.070063944389125)  (-0.018318574617208,0.033544855333049)
  (0.059201670544523,0.125840844951153) (-0.072664644089061,-0.059760033966851)  (0.064689239234681,-0.119482468155345)   (0.029716064660122,0.001956931883628)  (-0.117844271287190,0.050770337489289)   (0.121193813211607,0.051253806029374) (-0.119204593531502,-0.070063944208545) (-0.009692420080479,-0.000000000049993)   (0.035887571176567,0.123975955676989)
(-0.051304357844722,-0.137642752424233) (-0.039513760256654,-0.061424314264379) (-0.047252911277721,-0.078365701362284) (-0.148562228822632,-0.072869990070038) (-0.019843629440421,-0.019669981009528)  (-0.002741221807278,0.144784660212746) (-0.018318574598569,-0.033544855508642)  (0.035887571214171,-0.123975955617449)   (0.061631256227876,0.000000000038214)
(-0.109991263308905,-0.000000000003877)  (0.079732769299247,-0.090814803672579)  (0.010791392621002,-0.004220291805500) (-0.050373846808790,-0.124944557966592)  (0.042808785363746,-0.038398566163864) (-0.016649856417953,-0.048792869038705)  (0.053930203606719,-0.020264642761322) (-0.068586568510616,-0.134828687321363) (-0.096493940968297,-0.102690979875415)
  (0.079732769204771,0.090814803715966)  (-0.029724383701875,0.000000000026390) (-0.044447367033636,-0.043825467587928)   (0.072990492151418,0.030179914870863) (-0.001629965185084,-0.069017460067785)  (0.028361070864127,-0.066420887126307)  (-0.071597845030397,0.076858113944901) (-0.069587647983503,-0.008192177061777)  (-0.001643773499373,0.103340636825184)
  (0.010791392730126,0.004220291745670)  (-0.044447366962044,0.043825467494211)  (0.286074526713894,-0.000000000056623)  (-0.009699225386531,0.109574391568713)  (-0.055588487789141,0.113311591523425)  (0.017660547122233,-0.131770000299469) (-0.058626211542317,-0.045535007604159)   (0.012357495374202,0.056915041579552)  (0.000713921315281,-0.053360283303352)
 (-0.050373846762341,0.124944557939544)  (0.072990492068643,-0.030179914890448) (-0.009699225560967,-0.109574391488295) (-0.017792303767301,-0.000000000013216)  (-0.083926304019323,0.029358173331763) (-0.122980115339455,-0.003982818835656)  (0.046758781518415,-0.078715140941713) (-0.028329078334677,-0.064802001829330) (-0.090368063683024,-0.096843475933295)
  (0.042808785372757,0.038398566057568)  (-0.001629965210505,0.069017460076668) (-0.055588487830006,-0.113311591414871) (-0.083926303920379,-0.029358173572626)   (0.020909209980166,0.000000000069683)  (-0.073132997706466,0.073254708127206)  (0.040725500991332,-0.107738587847726)  (-0.014870453027776,0.195558533789719) (-0.033826940113991,-0.001966958616603)
 (-0.016649856415638,0.048792869053468)   (0.028361070889331,0.066420887106239)   (0.017660547177301,0.131770000263527)  (-0.122980115390419,0.003982818727712) (-0.073132997661284,-0.073254708035742)  (-0.264835175262477,0.000000000027500)  (0.037296167553312,-0.094381442674712)  (0.065568275951664,-0.109296377052493) (-0.038771961808976,-0.041821605850792)
  (0.053930203656273,0.020264642877100) (-0.071597845094149,-0.076858113962504)  (-0.058626211378204,0.045535007608001)   (0.046758781516336,0.078715140918948)   (0.040725501038202,0.107738587874435)   (0.037296167428675,0.094381442754108)   (0.028676890474640,0.000000000001818) (-0.003175783373193,-0.030807072789867)  (0.130459937631269,-0.052332174630096)
 (-0.068586568505880,0.134828687412474)  (-0.069587647960006,0.008192177042439)  (0.012357495367427,-0.056915041601451)  (-0.028329078348620,0.064802001779774) (-0.014870452953585,-0.195558533742326)   (0.065568275911767,0.109296377002986)  (-0.003175783574052,0.030807072864048) (-0.074384921235396,-0.000000000023408)  (-0.003529905796853,0.174627114772790)
 (-0.096493940880332,0.102690979840834) (-0.001643773337378,-0.103340636756639)   (0.000713921308647,0.053360283333595)  (-0.090368063680920,0.096843475758417)  (-0.033826940051219,0.001966958572524)  (-0.038771961707778,0.041821605904813)   (0.130459937553539,0.052332174700452) (-0.003529905787492,-0.174627114747039)  (0.161067420107260,-0.000000000028267)
 (0.023952227292451,-0.000000000006812)  (-0.079769003035225,0.024877522385782)  (-0.025095073582117,0.066863255031792)  (0.068420929178550,-0.039013248084301)   (0.002073110860647,0.152720116734240)  (-0.073813633281111,0.064366247147945)  (0.073795968644608,-0.007911718251738) (-0.024419657045614,-0.084695479652973) (-0.034656292988204,-0.072263097276105)
(-0.079769002930442,-0.024877522466866)  (-0.122621441924554,0.000000000027929) (-0.050765807430254,-0.064330751639025)   (0.059653569038305,0.048218911680772)   (0.071481796277472,0.222150325360806)  (-0.099760738734414,0.103142531080586)  (0.051527123888535,-0.027087325738415)   (0.017445562565237,0.017192907900290) (-0.038063260469479,-0.034506418795912)
(-0.025095073601695,-0.066863255036418)  (-0.050765807464463,0.064330751534558) (-0.196252964118610,-0.000000000037648)  (0.044993024782701,-0.108827175737848)  (-0.125120962503473,0.017487765949614)   (0.070554720286184,0.150542688582566)  (0.017653967397091,-0.058345043984266)  (-0.156000607142678,0.059926349307725)   (0.052666701466247,0.014157493251060)
  (0.068420929253939,0.039013247878277)  (0.059653569088479,-0.048218911571484)   (0.044993024845537,0.108827175564435)   (0.078837101103008,0.000000000035528)  (0.129117412658749,-0.017617452823305) (-0.004698166202344,-0.068341287244268)   (0.075085166140735,0.188566254082062)  (-0.079716207418780,0.025833364953745)   (0.027027861824481,0.006876802167519)
 (0.002073110809727,-0.152720116762829)  (0.071481796251150,-0.222150325445802) (-0.125120962635900,-0.017487765913747)   (0.129117412756336,0.017617452941673)  (0.135159842101445,-0.000000000041465)   (0.066543659373065,0.006622540823226)  (0.048578758988533,-0.057766656824067)  (-0.089501019613804,0.057683565353696)  (0.019386345380772,-0.115305594163211)
(-0.073813633270200,-0.064366247195898) (-0.099760738560142,-0.103142531129643)  (0.070554720305262,-0.150542688586596)  (-0.004698166338212,0.068341287201048)  (0.066543659297409,-0.006622540835838)  (-0.016935073486372,0.000000000033571)  (0.013742156080102,-0.003604670040326)   (0.012019836197330,0.044946398977789)  (-0.013021935488333,0.012199835331560)
  (0.073795968708489,0.007911718226665)   (0.051527123814195,0.027087325798424)   (0.017653967455799,0.058345043862608)  (0.075085166231950,-0.188566254071935)   (0.048578758948545,0.057766656920392)   (0.013742156098281,0.003604670032320) (-0.013264001176953,-0.000000000017806)  (-0.042426522426791,0.110035544397386)  (0.102803420063011,-0.061369601617951)
 (-0.024419657031109,0.084695479675714)  (0.017445562517754,-0.017192907936057) (-0.156000607217436,-0.059926349313649) (-0.079716207489037,-0.025833365100100) (-0.089501019579644,-0.057683565361529)  (0.012019836131842,-0.044946399107441) (-0.042426522567213,-0.110035544483460)  (0.148594546106507,-0.000000000016683) (-0.291292767614296,-0.002707082417113)
 (-0.034656292982469,0.072263097252526)  (-0.038063260489024,0.034506418769377)  (0.052666701487247,-0.014157493234302)  (0.027027861826696,-0.006876802062214)   (0.019386345326591,0.115305594202209) (-0.013021935541483,-0.012199835291341)   (0.102803419977255,0.061369601474055)  (-0.291292767526659,0.002707082327082)  (-0.037470235896917,0.000000000023386)
(-0.087902170651099,-0.000000000034180)  (-0.007701159812885,0.046441178220215)  (0.061614215391410,-0.014680217377118) (-0.056538503577196,-0.063159628124952)  (-0.008556367209257,0.072025572150077)   (0.033931069111189,0.003020345888062)   (0.018782304605905,0.122922643031103) (-0.020982577883089,-0.025155902361784) (-0.113476677942865,-0.028334414564308)
(-0.007701159878905,-0.046441178276389)  (0.012350758965504,-0.000000000004428) (-0.098922938443287,-0.003381899775850)  (-0.004294166105804,0.159182449173179)  (0.049814658490679,-0.041832288570411)  (0.012383373431393,-0.006038886870397)  (-0.038404199580849,0.056156407373381) (-0.009579609957964,-0.032774329836060)  (-0.047007376785388,0.050523265379341)
  (0.061614215321611,0.014680217537911)  (-0.098922938529357,0.003381899747697)  (0.094743972155307,-0.000000000071883)  (-0.062055975712092,0.050215509874407)  (-0.132891456504276,0.141833382966034) (-0.040931844716062,-0.007210642071058)   (0.052852162286617,0.003737926702990)  (-0.065734555541468,0.043953421934755)   (0.003685423198196,0.018491303589557)
 (-0.056538503541597,0.063159628166431) (-0.004294166039813,-0.159182449151703) (-0.062055975667124,-0.050215509876115)  (-0.081622590008984,0.000000000001195) (-0.055250716252476,-0.036584413863562)  (0.002791864437759,-0.005616441261207)  (0.054635985567302,-0.000648393367520)  (0.057878995261574,-0.061147238579117) (-0.043486415144450,-0.029602432974633)
(-0.008556367256229,-0.072025572096561)   (0.049814658309854,0.041832288508064) (-0.132891456506033,-0.141833382937493)  (-0.055250716220416,0.036584413916749)  (-0.010898987680137,0.000000000025787)  (-0.068203428994300,0.037766968360830)  (0.029026239767591,-0.047238558282017)  (-0.095501568494732,0.010851495066017)   (0.006475575292881,0.006520204174001)
 (0.033931069137711,-0.003020345659051)   (0.012383373296666,0.006038886820392)  (-0.040931844679997,0.007210642045367)   (0.002791864519239,0.005616441166334) (-0.068203429057562,-0.037766968362779) (-0.055677343907523,-0.000000000002975)  (-0.012553752699528,0.004868012332034) (-0.105993605917717,-0.134601814815588)  (0.019574818095783,-0.080235638485302)
 (0.018782304591801,-0.122922642983914) (-0.038404199606237,-0.056156407401480)  (0.052852162368861,-0.003737926693407)   (0.054635985550059,0.000648393427585)   (0.029026239838544,0.047238558391599) (-0.012553752679263,-0.004868012393897) (-0.023811943385491,-0.000000000062217)   (0.027550111434032,0.025286399787085)  (0.058196732630848,-0.030476250267149)
 (-0.020982577976362,0.025155902264760)  (-0.009579609864508,0.032774329867733) (-0.065734555472445,-0.043953422021988)   (0.057878995328689,0.061147238557706) (-0.095501568517663,-0.010851495140985)  (-0.105993605939755,0.134601814771915)  (0.027550111538351,-0.025286399947461)  (-0.013678500237167,0.000000000027365)  (0.072653433271694,-0.000513515355334)
 (-0.113476677987495,0.028334414549494) (-0.047007376702534,-0.050523265334407)  (0.003685423142437,-0.018491303534699)  (-0.043486415123091,0.029602432941460)  (0.006475575330361,-0.006520204291969)   (0.019574818263468,0.080235638458988)   (0.058196732650696,0.030476250254026)   (0.072653433335657,0.000513515410199)   (0.166496804749592,0.000000000121337)
 (-0.116023049470303,0.000000000091152)  (-0.063844016820184,0.065683048119146)  (-0.072011644992606,0.037313008287404)  (0.059436060128270,-0.024359701273276)  (0.040816540505248,-0.028224148001793)  (0.089678148968514,-0.104164418860545)   (0.003335330042009,0.019462354922851)  (0.076464815182404,-0.001250499589828)   (0.043395018689014,0.011412235385852)
(-0.063844016762384,-0.065683048216263) (-0.046987850724960,-0.000000000016334)  (-0.106522790475244,0.025010918280260)  (0.044681062237601,-0.007606602017250)  (-0.048136725190848,0.054869355905397) (-0.011220006332158,-0.061125443306984)  (-0.012944185412027,0.109028906073044)  (0.010660478685565,-0.070920467981030)  (-0.073356001893081,0.000129002074542)
(-0.072011645048918,-0.037313008289164) (-0.106522790491493,-0.025010918110381)  (-0.032786700766279,0.000000000033394)  (0.003504073622870,-0.060536762561845) (-0.076396374496984,-0.100814632879438)  (0.014970905565306,-0.158287695846561)   (0.016696931868149,0.130635817707113)   (0.025822776536546,0.115324399110946) (-0.141854885820637,-0.013545414353878)
  (0.059436060211414,0.024359701302940)   (0.044681062272099,0.007606601978907)   (0.003504073638728,0.060536762546249)   (0.073749625704669,0.000000000100130)  (-0.009431444645609,0.106523751490259)  (-0.025516519586576,0.085273875314611) (-0.165086070897468,-0.000625941174116)  (-0.063158213903499,0.069691318871161) (-0.015155962848462,-0.033494742188486)
  (0.040816540521822,0.028224148041779) (-0.048136725168062,-0.054869355955701)  (-0.076396374411306,0.100814632973722) (-0.009431444656989,-0.106523751436531) (-0.188205699847017,-0.000000000027765)   (0.186747688748533,0.061350370892798)  (0.041449076122948,-0.134020056140479) (-0.009919855766030,-0.023055149014741)  (-0.178271793983700,0.051255036718815)
  (0.089678148900132,0.104164418855431)  (-0.011220006404296,0.061125443289700)   (0.014970905564907,0.158287695847883) (-0.025516519679419,-0.085273875305771)  (0.186747688563000,-0.061350370968433)   (0.165368000693307,0.000000000040573)  (0.059210825687638,-0.137617026846500)  (-0.174103905308279,0.077807441409056) (-0.142966304816974,-0.016871637258920)
 (0.003335330150349,-0.019462354915034) (-0.012944185443310,-0.109028906136237)  (0.016696931873456,-0.130635817765044)  (-0.165086070895713,0.000625941375155)   (0.041449076247704,0.134020056183911)   (0.059210825651178,0.137617026776579) (-0.143314157774318,-0.000000000171592) (-0.014480659879207,-0.157334489389757)  (-0.061845387042975,0.015045708767415)
  (0.076464815130699,0.001250499596095)   (0.010660478653988,0.070920468014076)  (0.025822776437569,-0.115324399137133) (-0.063158213871469,-0.069691318914383)  (-0.009919855763538,0.023055148866698) (-0.174103905376354,-0.077807441387684)  (-0.014480660003633,0.157334489456366)  (0.122632263170906,-0.000000000067508)   (0.036054680289372,0.034229437956565)
 (0.043395018577949,-0.011412235406537) (-0.073356001855607,-0.000129002331840)  (-0.141854885798502,0.013545414239160)  (-0.015155962829525,0.033494742204140) (-0.178271793938606,-0.051255036809252)  (-0.142966304823853,0.016871637330980) (-0.061845387165817,-0.015045708754679)  (0.036054680301302,-0.034229437980805)   (0.165567569013993,0.000000000017949)
(-0.007066072362461,-0.000000000026078)  (-0.062364474859538,0.051438907342165) (-0.037644019888040,-0.036633728831796) (-0.055668779376564,-0.065162645005432)   (0.213888045805770,0.017122865983798)  (0.031431717201264,-0.038307362056098)  (0.032331415561078,-0.029753665217333) (-0.063311735349305,-0.075596297407217)   (0.047663672017634,0.128818092149661)
(-0.062364474856779,-0.051438907332063)  (-0.063516212573277,0.000000000011923)   (0.051226786055598,0.060269638152687)  (0.048175264437839,-0.070380052692079)  (-0.006595465889237,0.016259672419757)  (0.058052264149229,-0.020746627973901)  (-0.094600252752374,0.053056583585748) (-0.038396186731792,-0.008954199390766)  (0.056351979542306,-0.148691420935232)
 (-0.037644019941076,0.036633728838865)  (0.051226786079464,-0.060269638216426)   (0.099471680321455,0.000000000072371)  (-0.101356105067497,0.024769984505235)  (0.087492748750277,-0.008824164606554)   (0.093115546558090,0.015974132802114)  (0.061754994730839,-0.097148860507699)   (0.083337687919687,0.114684757198170)   (0.002745147478967,0.075661485477801)
 (-0.055668779421809,0.065162645066056)   (0.048175264293947,0.070380052663609) (-0.101356105021549,-0.024769984487069) (-0.097355045610565,-0.000000000020599) (-0.072114298903471,-0.063893713609425)  (0.064720044238442,-0.101074478983494)  (-0.099858109713833,0.087054364255367) (-0.049322292938401,-0.085841635055562)   (0.061716847932904,0.054041122861044)
 (0.213888045807719,-0.017122866008911) (-0.006595465803890,-0.016259672488251)   (0.087492748723454,0.008824164671908)  (-0.072114298996053,0.063893713627690)  (-0.109640654880758,0.000000000019623) (-0.119237411086825,-0.140928730886105) (-0.014112033220729,-0.061808173515641) (-0.010350097413996,-0.002960959478112)  (-0.181004935648802,0.117786805551121)
  (0.031431717237062,0.038307362086947)   (0.058052264047959,0.020746628025159)  (0.093115546698821,-0.015974132839909)   (0.064720044161561,0.101074478922095)  (-0.119237411084189,0.140928730910239)  (0.163101401948884,-0.000000000023204) (-0.024987789443253,-0.019323825228115) (-0.055804999055938,-0.019545097138040)  (0.009923901469286,-0.085467713634012)
  (0.032331415481255,0.029753665213740) (-0.094600252848395,-0.053056583713651)   (0.061754994522164,0.097148860580689) (-0.099858109655417,-0.087054364272253)  (-0.014112033169365,0.061808173577339)  (-0.024987789520927,0.019323825229889)   (0.122183460091556,0.000000000001455)  (0.049003245168245,-0.024046701696649) (-0.002548869937526,-0.023606573496212)
 (-0.063311735397774,0.075596297412392)  (-0.038396186794808,0.008954199271443)  (0.083337688052174,-0.114684757077888)  (-0.049322292984587,0.085841635059795)  (-0.010350097411717,0.002960959446778)  (-0.055804998928127,0.019545097145237)   (0.049003245191947,0.024046701725873) (-0.113997283489780,-0.000000000040228) (-0.001074834556517,-0.001711808527273)
 (0.047663671819443,-0.128818092069367)   (0.056351979477575,0.148691421083397)  (0.002745147499084,-0.075661485439127)  (0.061716847892632,-0.054041122867032) (-0.181004935649360,-0.117786805517413)   (0.009923901559643,0.085467713652083)  (-0.002548869909966,0.023606573484937)  (-0.001074834627427,0.001711808540399)   (0.006818726554944,0.000000000004738)
 (-0.000745746497632,0.000000000045870)   (0.001968390773128,0.026942538714732)  (-0.075606420820529,0.148453327773758) (-0.064026050154286,-0.032488672241116) (-0.019643668137713,-0.028450099336897)  (0.039227083692258,-0.098807226949752)  (-0.034130611563918,0.054512866953737)   (0.064402350156505,0.043691006471800)  (0.034847049868199,-0.024133578050671)
 (0.001968390777726,-0.026942538546977)  (-0.041541690308281,0.000000000089430)  (-0.113633567958750,0.070755257157764)  (-0.001358828498116,0.061306766294327)  (-0.034595832437995,0.098341878700369)  (0.060495183771350,-0.007238709743238) (-0.039916766163347,-0.011211545069445)  (0.085440383743479,-0.015240700581623) (-0.173011986886984,-0.066958397535417)
(-0.075606420825684,-0.148453327772833) (-0.113633568063596,-0.070755257148676)  (0.076973619208454,-0.000000000052613)   (0.021611268974097,0.046676118803027)  (-0.087605041574938,0.217900791318657)   (0.108638098855632,0.001429904148370)  (0.017211406354491,-0.044967449935702)  (-0.017912017850321,0.010571971905858)  (-0.017673058277526,0.027703271824316)
 (-0.064026050149588,0.032488672187819) (-0.001358828401276,-0.061306766379066)  (0.021611269103337,-0.046676118831870) (-0.016417307003737,-0.000000000018797) (-0.071672745835993,-0.017506428937302)  (0.056741387959564,-0.074570145120605)   (0.085764482336056,0.020603462811758)  (-0.080174222330553,0.031072662830474)  (0.147290345038188,-0.019921019982372)
 (-0.019643668105986,0.028450099429198) (-0.034595832511786,-0.098341878597343) (-0.087605041642960,-0.217900791373732)  (-0.071672745835293,0.017506428840579) (-0.023228551177408,-0.000000000016185) (-0.226200934223607,-0.003197387445577)   (0.128224662937342,0.142845669576646)  (-0.017228967083069,0.092921348100074)  (0.065582244284521,-0.000095591586378)
  (0.039227083624863,0.098807227070090)   (0.060495183587796,0.007238709671839)  (0.108638098922080,-0.001429904141838)   (0.056741387926267,0.074570145005115)  (-0.226200934097760,0.003197387402113)  (-0.039850189115933,0.000000000039762)  (-0.029134040093974,0.078888330075088)  (0.003367526877601,-0.030474949027312)  (-0.004732915761006,0.074300516457262)
(-0.034130611507802,-0.054512867014654)  (-0.039916766199769,0.011211545043384)   (0.017211406373570,0.044967450008295)  (0.085764482421696,-0.020603462783834)  (0.128224662804897,-0.142845669663677) (-0.029134040081363,-0.078888330162607)  (0.002195963831572,-0.000000000060768) (-0.110354366798048,-0.057796034643733) (-0.061201132288065,-0.041357558301174)
 (0.064402350066600,-0.043691006498793)   (0.085440383816844,0.015240700549598) (-0.017912017809813,-0.010571971873232) (-0.080174222358884,-0.031072662850509) (-0.017228967174268,-0.092921347998101)   (0.003367526848821,0.030474948992899)  (-0.110354366853273,0.057796034629939)   (0.046038242118545,0.000000000005429)   (0.040419231126726,0.103438277447293)
  (0.034847049850590,0.024133577981027)  (-0.173011986898169,0.066958397559892) (-0.017673058257567,-0.027703271722295)   (0.147290344976722,0.019921019855908)   (0.065582244276804,0.000095591601878) (-0.004732915565700,-0.074300516494310)  (-0.061201132221488,0.041357558418865)  (0.040419231068958,-0.103438277242907) (-0.003424341055591,-0.000000000032128)
  (0.108576939388909,0.000000000077653)  (-0.098749160153910,0.126745826160586)  (-0.044951925416855,0.028833328475014) (-0.065425105950353,-0.096254424079200) (-0.100400163509658,-0.062847426573075)  (-0.001483152329032,0.044529071455016)  (-0.124684979585473,0.102926268206656)  (0.137254546817098,-0.110160491418187)   (0.143628515418067,0.140435157895814)
(-0.098749160129437,-0.126745826076376)   (0.012875527692324,0.000000000012471)  (0.036641787648597,-0.004781289168787)  (-0.012134771730909,0.018466660394048)  (-0.041337934210114,0.097226999873215)  (0.016702175250493,-0.026285099559540)  (0.020012178206021,-0.072805670107824)   (0.045258276320244,0.084623593128719)  (0.251184641195323,-0.059343168069319)
(-0.044951925403762,-0.028833328432884)   (0.036641787651423,0.004781289161952) (-0.107768730436129,-0.000000000004192)   (0.159402760528302,0.032968294978137)  (-0.108440201879554,0.077456627296712)  (-0.086387587597588,0.014195212939361)  (-0.135188466416716,0.026561755812960)  (0.114617124207910,-0.041505594689983)   (0.148169057176138,0.051503028916320)
 (-0.065425106051965,0.096254424026292) (-0.012134771744396,-0.018466660404129)  (0.159402760400464,-0.032968294946891) (-0.048443903185322,-0.000000000003936)  (-0.110279674689888,0.037952403132202) (-0.079703469666434,-0.014046194257666)  (0.004945911177335,-0.073089456039792)  (0.057760118776224,-0.024126982504055)  (0.010992487929850,-0.115805467124373)
 (-0.100400163335687,0.062847426743109) (-0.041337934235476,-0.097226999940723) (-0.108440201862470,-0.077456627202114) (-0.110279674749635,-0.037952403123572)  (0.031351303720191,-0.000000000024323)   (0.069633470372530,0.109554173959002)   (0.080630365888943,0.076946401558644) (-0.070363728409363,-0.127865644608122)  (-0.182547419969793,0.033809426631909)
(-0.001483152341342,-0.044529071462502)   (0.016702175127951,0.026285099578882) (-0.086387587505503,-0.014195212908858)  (-0.079703469649892,0.014046194298008)  (0.069633470335745,-0.109554173912112) (-0.002922932318216,-0.000000000021756)  (-0.005393221399702,0.073410389396410) (-0.015426974204272,-0.010060490221544)  (0.052607031470075,-0.025254736936570)
(-0.124684979553930,-0.102926268217747)   (0.020012178165155,0.072805670157707) (-0.135188466396164,-0.026561755706823)   (0.004945911203973,0.073089456120662)  (0.080630365867905,-0.076946401496406) (-0.005393221443168,-0.073410389381281)   (0.007607071883686,0.000000000042131)   (0.066574099737147,0.084059928797974)  (-0.216885427991504,0.094306805229523)
  (0.137254546780114,0.110160491341084)  (0.045258276413960,-0.084623593117443)   (0.114617124160103,0.041505594616155)   (0.057760118800659,0.024126982406165)  (-0.070363728442919,0.127865644543451)  (-0.015426974229204,0.010060490169912)  (0.066574099827834,-0.084059928697495) (-0.068151996288968,-0.000000000069617)   (0.144210714920300,0.130871345812821)
 (0.143628515443902,-0.140435157926745)   (0.251184641132323,0.059343168029709)  (0.148169057122338,-0.051503028830818)   (0.010992487906687,0.115805467221224) (-0.182547420072677,-0.033809426709605)   (0.052607031551409,0.025254736964692) (-0.216885428021352,-0.094306805381269)  (0.144210714928666,-0.130871345890734)  (0.066876719543523,-0.000000000008431)
