 (-0.148971307281674,0.000000000000000)  (0.034635608768393,-0.127457112227454)  (0.261697229716490,-0.261636705909916)  (-0.328756453973800,0.063887384745562)
  (0.034635608768393,0.127457112227454)   (0.459747910280592,0.000000000000000)  (0.135923676453060,-0.344795639753341)  (0.418855960621906,-0.389981394629342)
  (0.261697229716490,0.261636705909916)   (0.135923676453060,0.344795639753341)   (0.209549444290702,0.000000000000000)  (-0.213029005444736,0.093134027467941)
(-0.328756453973800,-0.063887384745562)   (0.418855960621906,0.389981394629342) (-0.213029005444736,-0.093134027467941)  (-0.520326850200569,0.000000000000000)
 (-0.082220171956186,0.000000000000000)  (-0.233207467115961,0.710697056567791)  (0.427899017556825,-0.343670812727580)  (-0.026349276747990,0.245446885796839)
(-0.233207467115961,-0.710697056567791)   (0.389546528313062,0.000000000000000)  (0.012132948949566,-0.019074759576020)  (0.024673536621227,-0.054387433166741)
  (0.427899017556825,0.343670812727580)   (0.012132948949566,0.019074759576020)  (-0.644338145705588,0.000000000000000) (-0.155444099391519,-0.281537672456552)
(-0.026349276747990,-0.245446885796839)   (0.024673536621227,0.054387433166741)  (-0.155444099391519,0.281537672456552)   (0.337011791274550,0.000000000000000)
  (0.022806879730577,0.000000000000000)  (0.436118624150377,-0.469881152382901) (-0.067827347365987,-0.063709745958820)  (0.130140840769520,-0.305845153501569)
  (0.436118624150377,0.469881152382901)  (-0.340828298241425,0.000000000000000)   (0.263866604570195,0.223958603090400)   (0.480464990764306,0.266702935894902)
 (-0.067827347365987,0.063709745958820)  (0.263866604570195,-0.223958603090400)   (0.098807642835051,0.000000000000000)  (-0.328903170373742,0.023527642811965)
  (0.130140840769520,0.305845153501569)  (0.480464990764306,-0.266702935894902) (-0.328903170373742,-0.023527642811965)   (0.219213772285843,0.000000000000000)
  (0.466439954936679,0.000000000000000) (-0.832693866900922,-0.431940807771318)  (0.093971792295343,-0.177955850345220)   (0.051871049355636,0.193587249982938)
 (-0.832693866900922,0.431940807771318)  (-0.364851463368620,0.000000000000000)  (0.219414712818194,-0.255199015988165)  (0.307534164154745,-0.442720741446289)
  (0.093971792295343,0.177955850345220)   (0.219414712818194,0.255199015988165)   (0.045868792503969,0.000000000000000)   (0.696889382361475,0.178399269436053)
 (0.051871049355636,-0.193587249982938)   (0.307534164154745,0.442720741446289)  (0.696889382361475,-0.178399269436053)  (-0.147458288449267,0.000000000000000)
  (0.044595007595202,0.000000000000000) (-0.351983404147177,-0.221003413444043) (-0.174722639434858,-0.017893463116413) (-0.069140068010591,-0.278376376789963)
 (-0.351983404147177,0.221003413444043)   (0.085220867271968,0.000000000000000)  (0.248625398869022,-0.324311700635772)  (-0.139421594426744,0.398500858380288)
 (-0.174722639434858,0.017893463116413)   (0.248625398869022,0.324311700635772)   (0.535646331730848,0.000000000000000)  (0.325770352032797,-0.035403941629719)
 (-0.069140068010591,0.278376376789963) (-0.139421594426744,-0.398500858380288)   (0.325770352032797,0.035403941629719)  (-0.665461604571838,0.000000000000000)
  (0.565136821207388,0.000000000000000)  (-0.032194415130693,0.149747202395547)   (0.083377161663366,0.110557571898884)   (0.012309054444541,0.531097386347966)
(-0.032194415130693,-0.149747202395547)  (-0.497870929033049,0.000000000000000)   (0.324926999398645,0.505975136347180)  (-0.422391338362658,0.265590206849177)
 (0.083377161663366,-0.110557571898884)  (0.324926999398645,-0.505975136347180)  (-0.012423694280185,0.000000000000000)  (0.076940350957258,-0.082417196146532)
 (0.012309054444541,-0.531097386347966) (-0.422391338362658,-0.265590206849177)   (0.076940350957258,0.082417196146532)  (-0.054841895313007,0.000000000000000)
  (0.370082004523089,0.000000000000000)  (-0.384783919772513,0.318819244485305)  (-0.386072540176105,0.509851766677696)  (-0.150954550475750,0.112432379977404)
(-0.384783919772513,-0.318819244485305)  (-0.643892294850198,0.000000000000000)  (-0.166172092551554,0.371951923729138) (-0.037523309948546,-0.280271203263252)
(-0.386072540176105,-0.509851766677696) (-0.166172092551554,-0.371951923729138)   (0.135003933848049,0.000000000000000) (-0.311296022058488,-0.024375851975294)
(-0.150954550475750,-0.112432379977404)  (-0.037523309948546,0.280271203263252)  (-0.311296022058488,0.024375851975294)   (0.138806756711373,0.000000000000000)
 (-0.248479827338288,0.000000000000000) (-0.011731197075295,-0.039834956488420)   (0.460975378356848,0.232884712242804)  (-0.127761983125497,0.387631238267453)
 (-0.011731197075295,0.039834956488420)   (0.467443779012571,0.000000000000000) (-0.076522585437368,-0.140666525073359)   (0.179181324759969,0.413080023992738)
 (0.460975378356848,-0.232884712242804)  (-0.076522585437368,0.140666525073359)   (0.317502241385620,0.000000000000000) (-0.073013030621335,-0.310361155071860)
(-0.127761983125497,-0.387631238267453)  (0.179181324759969,-0.413080023992738)  (-0.073013030621335,0.310361155071860)  (-0.536466491208330,0.000000000000000)
  (0.191500912112854,0.000000000000000)   (0.217965026399885,0.412853459798993)  (-0.169133618171562,0.262137283935233)  (0.256762921142431,-0.140358455252473)
 (0.217965026399885,-0.412853459798993)  (-0.049698289718993,0.000000000000000)  (-0.027265054225689,0.096765010185339)  (0.363457346425405,-0.244726001632172)
(-0.169133618171562,-0.262137283935233) (-0.027265054225689,-0.096765010185339)  (-0.126610166174732,0.000000000000000)  (-0.161916948224339,0.421970243118255)
  (0.256762921142431,0.140358455252473)   (0.363457346425405,0.244726001632172) (-0.161916948224339,-0.421970243118255)  (-0.015192755903757,0.000000000000000)
