  (0.844796161372795,0.000000000000000)   (0.168232915357879,1.026912202619610) (-0.014381377796491,-0.421894184998267)  (-0.302552778171652,0.445841018230305)
 (0.168232915357879,-1.026912202619610)   (1.906391591412140,0.000000000000000)  (-0.012067711814870,0.300992439963601)   (0.186186168748510,0.557402602102533)
 (-0.014381377796491,0.421894184998267) (-0.012067711814870,-0.300992439963601)  (-1.574997217162132,0.000000000000000)  (-1.726169953237568,0.163706489132956)
(-0.302552778171652,-0.445841018230305)  (0.186186168748510,-0.557402602102533) (-1.726169953237568,-0.163706489132956)  (-1.176190516122452,0.000000000000000)
 (-0.271702470704604,0.000000000000000)  (0.364490288100761,-0.148289869486111)   (0.728651295677781,0.082292258927518) (-0.010297474289825,-0.311125006753032)
  (0.364490288100761,0.148289869486111)   (1.315340069672791,0.000000000000000)  (-0.896477208072603,0.453878496109950)  (0.202889986039003,-0.195213561809216)
 (0.728651295677781,-0.082292258927518) (-0.896477208072603,-0.453878496109950)   (0.383309616708772,0.000000000000000)  (-0.300142285062969,0.805635662076477)
 (-0.010297474289825,0.311125006753032)   (0.202889986039003,0.195213561809216) (-0.300142285062969,-0.805635662076477)  (-1.426947221764216,0.000000000000000)
  (0.106491386331837,0.000000000000000)  (-0.662090276152563,1.118429664103804)  (-1.612130142425655,0.523374516986371)  (-1.117136048805826,0.095994172795353)
(-0.662090276152563,-1.118429664103804)   (0.352370444035218,0.000000000000000)   (0.337426793955815,0.916200008950138)  (-0.441198239637852,0.794960262604558)
(-1.612130142425655,-0.523374516986371)  (0.337426793955815,-0.916200008950138)  (-0.863383088682029,0.000000000000000)  (0.072962074266941,-0.726873273340936)
(-1.117136048805826,-0.095994172795353) (-0.441198239637852,-0.794960262604558)   (0.072962074266941,0.726873273340936)   (0.404521237157193,0.000000000000000)
 (-1.092752416438514,0.000000000000000)   (0.535450071250023,0.033109759026823) (-0.656333469308756,-0.934291104105530) (-0.112547162610088,-0.303085919636447)
 (0.535450071250023,-0.033109759026823)  (-0.501959560729572,0.000000000000000)  (-0.996892085009399,1.161511921633227)  (-1.619037206180046,1.006692734196726)
 (-0.656333469308756,0.934291104105530) (-0.996892085009399,-1.161511921633227)   (1.646854882266512,0.000000000000000)   (0.036435541053911,0.209844202080191)
 (-0.112547162610088,0.303085919636447) (-1.619037206180046,-1.006692734196726)  (0.036435541053911,-0.209844202080191)  (-0.052142889399330,0.000000000000000)
 (-0.475164676368798,0.000000000000000)  (-0.697236684009095,0.003386851019061) (-0.150077165759773,-1.934800298982794) (-0.002163255840186,-0.533135747289412)
(-0.697236684009095,-0.003386851019061)   (0.637268681177423,0.000000000000000)  (-0.461198666993234,0.064695977517189) (-0.361840120201108,-0.108278766300973)
 (-0.150077165759773,1.934800298982794) (-0.461198666993234,-0.064695977517189)  (-0.065266715666069,0.000000000000000)  (0.492270712753802,-1.050706611315298)
 (-0.002163255840186,0.533135747289412)  (-0.361840120201108,0.108278766300973)   (0.492270712753802,1.050706611315298)  (-0.096837266759194,0.000000000000000)
  (1.471873961628206,0.000000000000000) (-0.393165114058016,-0.095619057655809)  (0.151986120739221,-0.917418089064502) (-0.013422915403000,-1.059380992843139)
 (-0.393165114058016,0.095619057655809)  (-0.654875809046592,0.000000000000000) (-0.652080106815266,-0.957756309908589) (-1.317191399794954,-0.923181839149967)
  (0.151986120739221,0.917418089064502)  (-0.652080106815266,0.957756309908589)  (-0.488202910182262,0.000000000000000)   (0.107015642872019,0.250090783189384)
 (-0.013422915403000,1.059380992843139)  (-1.317191399794954,0.923181839149967)  (0.107015642872019,-0.250090783189384)  (-0.328795196523123,0.000000000000000)
 (-0.308250510356627,0.000000000000000)  (0.322927151354191,-0.525584000515531)  (0.462951650754069,-0.301566035237186) (-0.882525575310929,-0.330203890247263)
  (0.322927151354191,0.525584000515531)   (0.679694992162036,0.000000000000000)  (0.165605658824863,-0.475781642018399)  (-0.858500810492306,0.639156075467498)
  (0.462951650754069,0.301566035237186)   (0.165605658824863,0.475781642018399)  (-0.168831303063877,0.000000000000000)   (0.401345031780939,0.378825697963359)
 (-0.882525575310929,0.330203890247263) (-0.858500810492306,-0.639156075467498)  (0.401345031780939,-0.378825697963359)  (-0.202613175057199,0.000000000000000)
 (-0.995843531505548,0.000000000000000) (-0.042031002250750,-0.598987800513290)  (-0.018499816396725,0.066242776240615)  (0.997261214357327,-0.581327707598357)
 (-0.042031002250750,0.598987800513290)   (0.072781518636056,0.000000000000000)  (-0.329964181673413,0.130883137568630) (-0.299614968417563,-0.928620857036671)
(-0.018499816396725,-0.066242776240615) (-0.329964181673413,-0.130883137568630)   (0.464783311098298,0.000000000000000)   (0.256018118725083,0.204279199655142)
  (0.997261214357327,0.581327707598357)  (-0.299614968417563,0.928620857036671)  (0.256018118725083,-0.204279199655142)   (0.458278736403484,0.000000000000000)
 (-0.487752850070273,0.000000000000000)   (0.601550015845023,0.719850023349918)  (-0.722025032050235,0.221601496337751)   (0.388249635103609,0.263994007278909)
 (0.601550015845023,-0.719850023349918)   (0.898588559373464,0.000000000000000)   (0.458394837802029,0.337887092313018) (-0.644332004827559,-0.625628208463966)
(-0.722025032050235,-0.221601496337751)  (0.458394837802029,-0.337887092313018)  (-0.807926943625286,0.000000000000000)   (0.579066447985037,0.730392808209879)
 (0.388249635103609,-0.263994007278909)  (-0.644332004827559,0.625628208463966)  (0.579066447985037,-0.730392808209879)   (0.397091204711676,0.000000000000000)
