(-0.40557,0)(0.304049,-0.38361)(-0.0390236,0.264232)(0.0423258,0.0749385)
(0.304049,0.38361)(-0.388842,0)(-0.0538633,-0.0672518)(0.0321363,-0.265486)
(-0.0390236,-0.264232)(-0.0538633,0.0672518)(0.529642,0)(0.953559,-0.132649)
(0.0423258,-0.0749385)(0.0321363,0.265486)(0.953559,0.132649)(0.26477,0)
(0.187955,0)(-0.297471,-0.0326818)(-0.183558,-0.371634)(0.242077,0.18787)
(-0.297471,0.0326818)(-0.521533,0)(0.489289,-0.253182)(-0.159817,-0.0222173)
(-0.183558,0.371634)(0.489289,0.253182)(-0.197469,0)(0.0539827,-0.131184)
(0.242077,-0.18787)(-0.159817,0.0222173)(0.0539827,0.131184)(0.531047,0)
(-0.256582,0)(0.617801,-0.462932)(0.338745,-0.0857431)(0.341626,0.0852538)
(0.617801,0.462932)(0.0319192,0)(-0.36168,-0.523073)(0.422587,-0.194304)
(0.338745,0.0857431)(-0.36168,0.523073)(0.266955,0)(0.371283,0.305659)
(0.341626,-0.0852538)(0.422587,0.194304)(0.371283,-0.305659)(-0.042292,0)
(0.282845,0)(-0.0596532,-0.235327)(0.0675627,0.28094)(0.145202,0.0454153)
(-0.0596532,0.235327)(0.51472,0)(0.31343,-0.330514)(0.514824,-0.109062)
(0.0675627,-0.28094)(0.31343,0.330514)(-0.749849,0)(0.355617,-0.0283984)
(0.145202,-0.0454153)(0.514824,0.109062)(0.355617,0.0283984)(-0.0477167,0)
(0.0550975,0)(0.458926,-0.10644)(0.3423,1.1033)(0.254661,0.357957)
(0.458926,0.10644)(-0.284721,0)(0.139387,0.179105)(0.0469107,0.0732744)
(0.3423,-1.1033)(0.139387,-0.179105)(0.088344,0)(-0.0796893,0.540345)
(0.254661,-0.357957)(0.0469107,-0.0732744)(-0.0796893,-0.540345)(0.14128,0)
(-0.42971,0)(0.411108,-0.0152371)(0.117178,0.480976)(0.327451,0.752976)
(0.411108,0.0152371)(-0.156296,0)(0.210362,0.299521)(0.383694,0.417854)
(0.117178,-0.480976)(0.210362,-0.299521)(0.483838,0)(0.221421,0.0735456)
(0.327451,-0.752976)(0.383694,-0.417854)(0.221421,-0.0735456)(0.102167,0)
(0.0882053,0)(-0.224927,0.0255556)(-0.117909,0.261692)(0.57042,0.0237811)
(-0.224927,-0.0255556)(-0.503974,0)(-0.00817641,0.303071)(0.282286,-0.190208)
(-0.117909,-0.261692)(-0.00817641,-0.303071)(0.453097,0)(-0.324708,-0.145568)
(0.57042,-0.0237811)(0.282286,0.190208)(-0.324708,0.145568)(-0.0373281,0)
(0.309062,0)(-0.139282,0.268737)(0.314556,-0.142895)(-0.40539,0.185539)
(-0.139282,-0.268737)(-0.147893,0)(0.193903,0.0804715)(0.0424282,0.466043)
(0.314556,0.142895)(0.193903,-0.0804715)(-0.102719,0)(-0.0715555,0.0253991)
(-0.40539,-0.185539)(0.0424282,-0.466043)(-0.0715555,-0.0253991)(-0.0584504,0)
(0.336566,0)(-0.320017,-0.0582799)(0.261846,-0.0832323)(-0.17627,-0.0788045)
(-0.320017,0.0582799)(-0.565247,0)(-0.368042,-0.156538)(0.574585,0.259255)
(0.261846,0.0832323)(-0.368042,0.156538)(0.530614,0)(-0.546126,-0.285919)
(-0.17627,0.0788045)(0.574585,-0.259255)(-0.546126,0.285919)(-0.301933,0)
