(-0.0878413,0)(0.0432638,-0.0396037)(0.0453539,0.0661311)(-0.140558,0.0694411)
(0.0432638,0.0396037)(0.186654,0)(0.147849,-0.105498)(0.150537,0.111993)
(0.0453539,-0.0661311)(0.147849,0.105498)(-0.10173,0)(-0.0113821,-0.222509)
(-0.140558,-0.0694411)(0.150537,-0.111993)(-0.0113821,0.222509)(0.00291644,0)
(-0.0839113,0)(0.269729,-0.0422538)(0.112295,-0.0641632)(0.148319,0.00272073)
(0.269729,0.0422538)(-0.185771,0)(0.130292,-0.256712)(-0.203922,0.32672)
(0.112295,0.0641632)(0.130292,0.256712)(0.173642,0)(-0.178273,-0.357004)
(0.148319,-0.00272073)(-0.203922,-0.32672)(-0.178273,0.357004)(0.0960399,0)
(-0.154499,0)(0.0761893,-0.0318029)(-0.234189,0.141321)(-0.016968,0.188435)
(0.0761893,0.0318029)(0.166254,0)(-0.0443328,-0.126557)(-0.0071088,0.334385)
(-0.234189,-0.141321)(-0.0443328,0.126557)(-0.277415,0)(-0.023467,-0.219473)
(-0.016968,-0.188435)(-0.0071088,-0.334385)(-0.023467,0.219473)(0.26566,0)
(-0.0619278,0)(0.118065,-0.115488)(-0.23684,0.113977)(-0.159773,-0.249013)
(0.118065,0.115488)(-0.138109,0)(-0.133173,0.0283508)(-0.0894183,0.0804758)
(-0.23684,-0.113977)(-0.133173,-0.0283508)(0.143162,0)(0.133374,0.404192)
(-0.159773,0.249013)(-0.0894183,-0.0804758)(0.133374,-0.404192)(0.0568744,0)
(0.170925,0)(-0.0157423,-0.0160677)(0.203599,0.0262486)(0.00993023,-0.0511052)
(-0.0157423,0.0160677)(0.109672,0)(0.000242595,-0.0757695)(-0.00755106,0.0216324)
(0.203599,-0.0262486)(0.000242595,0.0757695)(-0.205101,0)(0.0750195,-0.140962)
(0.00993023,0.0511052)(-0.00755106,-0.0216324)(0.0750195,0.140962)(-0.0754954,0)
(0.0798085,0)(0.119693,-0.0302616)(-0.0318166,-0.248709)(0.0579958,0.136091)
(0.119693,0.0302616)(-0.0643402,0)(0.102279,-0.18464)(-0.146219,-0.0258544)
(-0.0318166,0.248709)(0.102279,0.18464)(0.176544,0)(0.130029,0.151739)
(0.0579958,-0.136091)(-0.146219,0.0258544)(0.130029,-0.151739)(-0.192012,0)
(0.0762351,0)(-0.262338,-0.0687055)(0.169784,-0.0807144)(0.083376,0.0197774)
(-0.262338,0.0687055)(0.0854233,0)(-0.0498195,0.100472)(-0.23599,0.0242844)
(0.169784,0.0807144)(-0.0498195,-0.100472)(0.111417,0)(0.0144077,0.0587731)
(0.083376,-0.0197774)(-0.23599,-0.0242844)(0.0144077,-0.0587731)(-0.273075,0)
(-0.410842,0)(-0.00109121,0.0148808)(-0.0317631,0.0278749)(0.134245,-0.117802)
(-0.00109121,-0.0148808)(0.0347379,0)(0.0929285,-0.010029)(-0.131099,-0.131386)
(-0.0317631,-0.0278749)(0.0929285,0.010029)(0.102396,0)(-0.0447647,0.100137)
(0.134245,0.117802)(-0.131099,0.131386)(-0.0447647,-0.100137)(0.273708,0)
(-0.151427,0)(-0.0127348,-0.0228168)(-0.309572,0.109964)(0.0591632,0.066144)
(-0.0127348,0.0228168)(-0.0770575,0)(-0.124194,-0.133293)(-0.307377,-0.156101)
(-0.309572,-0.109964)(-0.124194,0.133293)(-0.0614642,0)(-0.104242,0.0184848)
(0.0591632,-0.066144)(-0.307377,0.156101)(-0.104242,-0.0184848)(0.289949,0)
