(-0.209259434968315,0.000000000000000) (0.289398830416929,-0.213417691165876)  (0.071045374401431,0.204310308791739)  (0.033341785746378,0.092582789432318)
 (0.289398830416929,0.213417691165876) (-0.322215870940457,0.000000000000000) (0.019205967058209,-0.128880023579595) (0.078728769094288,-0.169200627018509)
(0.071045374401431,-0.204310308791739)  (0.019205967058209,0.128880023579595)  (0.299315376463492,0.000000000000000) (0.460455289225559,-0.002887972950487)
(0.033341785746378,-0.092582789432318)  (0.078728769094288,0.169200627018509)  (0.460455289225559,0.002887972950487)  (0.232159068213976,0.000000000000000)
  (0.022566347710799,0.000000000000000)  (-0.058640994078448,0.061858625147633) (-0.129248905357868,-0.101149961968930)   (0.107027622518525,0.149048456328133)
(-0.058640994078448,-0.061858625147633)  (-0.258396241779279,0.000000000000000)  (0.256980703357591,-0.087675008836460)  (-0.145305592751549,0.071296125449383)
 (-0.129248905357868,0.101149961968930)   (0.256980703357591,0.087675008836460)  (-0.087724505008382,0.000000000000000)  (0.004882351331485,-0.192391189816115)
 (0.107027622518525,-0.149048456328133) (-0.145305592751549,-0.071296125449383)   (0.004882351331485,0.192391189816115)   (0.323554005223195,0.000000000000000)
 (-0.198671530266307,0.000000000000000)  (0.448677016264080,-0.310145255338396)   (0.228374408409978,0.002825015349976)   (0.098461669230462,0.101735845724284)
  (0.448677016264080,0.310145255338396)  (-0.041871488596344,0.000000000000000) (-0.058337770759119,-0.260953740209268)  (0.267659483582954,-0.165150744542554)
 (0.228374408409978,-0.002825015349976)  (-0.058337770759119,0.260953740209268)   (0.243103385630468,0.000000000000000)   (0.126482692760016,0.137441552105793)
 (0.098461669230462,-0.101735845724284)   (0.267659483582954,0.165150744542554)  (0.126482692760016,-0.137441552105793)  (-0.002560165593154,0.000000000000000)
 (0.164645031945267,0.000000000000000) (0.006723794351691,-0.151855962010190)  (0.091909671295130,0.157983551985543)  (0.020635382390053,0.007176777817956)
 (0.006723794351691,0.151855962010190)  (0.177029226643137,0.000000000000000) (0.146266562118112,-0.164361749560957) (0.363131239767709,-0.170755461057632)
(0.091909671295130,-0.157983551985543)  (0.146266562118112,0.164361749560957) (-0.335979667601605,0.000000000000000) (0.195086511590588,-0.006858832551933)
(0.020635382390053,-0.007176777817956)  (0.363131239767709,0.170755461057632)  (0.195086511590588,0.006858832551933) (-0.005695693872667,0.000000000000000)
(-0.028226890969670,0.000000000000000) (0.339908276426976,-0.064207985382994)  (0.201544875209169,0.618041955585249)  (0.167980191489158,0.232099962608602)
 (0.339908276426976,0.064207985382994) (-0.232539249250623,0.000000000000000)  (0.126488224277942,0.112012517762551)  (0.109688911185207,0.153224241924483)
(0.201544875209169,-0.618041955585249) (0.126488224277942,-0.112012517762551)  (0.142316785762122,0.000000000000000)  (0.046422183090710,0.291088726347348)
(0.167980191489158,-0.232099962608602) (0.109688911185207,-0.153224241924483) (0.046422183090710,-0.291088726347348)  (0.118450451073871,0.000000000000000)
(-0.244877000144830,0.000000000000000) (0.325230552322695,-0.009152613335553)  (0.215276186942610,0.360893354393311)  (0.205186025710991,0.425305765535483)
 (0.325230552322695,0.009152613335553) (-0.092020468901051,0.000000000000000)  (0.164868821295150,0.224981422011738)  (0.279439458880597,0.281442765673200)
(0.215276186942610,-0.360893354393311) (0.164868821295150,-0.224981422011738)  (0.184587239275316,0.000000000000000) (0.105508806606482,-0.001366958991896)
(0.205186025710991,-0.425305765535483) (0.279439458880597,-0.281442765673200)  (0.105508806606482,0.001366958991896)  (0.152309536785942,0.000000000000000)
  (0.073133084290053,0.000000000000000)  (-0.132911012669461,0.108554867561349)  (-0.116950047092495,0.074230916943925)   (0.247187136572342,0.049267463261171)
(-0.132911012669461,-0.108554867561349)  (-0.200772494112783,0.000000000000000)  (-0.040764542204265,0.183195425458122)  (0.163753215511996,-0.068466309723321)
(-0.116950047092495,-0.074230916943925) (-0.040764542204265,-0.183195425458122)   (0.086975759549360,0.000000000000000) (-0.158072161547059,-0.068688824432245)
 (0.247187136572342,-0.049267463261171)   (0.163753215511996,0.068466309723321)  (-0.158072161547059,0.068688824432245)   (0.040664253463792,0.000000000000000)
  (0.268859538542310,0.000000000000000)  (-0.054128711681968,0.145921574739402)  (0.132116809598084,-0.084129955302229)  (-0.198964999084189,0.115173321722850)
(-0.054128711681968,-0.145921574739402)  (-0.112899087696865,0.000000000000000)   (0.061506792601084,0.058749535628474)   (0.050987937232916,0.266212271917756)
  (0.132116809598084,0.084129955302229)  (0.061506792601084,-0.058749535628474)  (-0.034454748874801,0.000000000000000)  (0.002208801225022,-0.068804966423732)
(-0.198964999084189,-0.115173321722850)  (0.050987937232916,-0.266212271917756)   (0.002208801225022,0.068804966423732)  (-0.121506198203850,0.000000000000000)
  (0.149967341799263,0.000000000000000) (-0.189422221752630,-0.102063551962060)  (0.123483621916448,-0.080873996821798) (-0.224182694594923,-0.117661317605968)
 (-0.189422221752630,0.102063551962060)  (-0.245909339718657,0.000000000000000) (-0.213692811570710,-0.057422440928899)   (0.221261836886533,0.156259734702528)
  (0.123483621916448,0.080873996821798)  (-0.213692811570710,0.057422440928899)   (0.260744840111339,0.000000000000000) (-0.265639142740156,-0.216934123710404)
 (-0.224182694594923,0.117661317605968)  (0.221261836886533,-0.156259734702528)  (-0.265639142740156,0.216934123710404)  (-0.164802536569945,0.000000000000000)
