 (-0.398163119363599,0.000000000000000) (-0.472901580572625,-0.069336518217789)  (-0.199194403211933,0.232257906423139) (-0.557028998171982,-0.388582357836652)
 (-0.472901580572625,0.069336518217789)  (-0.421091074283867,0.000000000000000)   (0.115801726366934,0.180868536845475)   (0.104589558571136,0.267036817251209)
(-0.199194403211933,-0.232257906423139)  (0.115801726366934,-0.180868536845475)   (0.350112124951656,0.000000000000000)   (0.633030990333112,0.490843207959967)
 (-0.557028998171982,0.388582357836652)  (0.104589558571136,-0.267036817251209)  (0.633030990333112,-0.490843207959967)  (0.469142068695810,-0.000000000000000)
  (0.448187056623655,0.000000000000000)  (0.103525201324187,-0.520086734046774)   (0.020496671270184,0.060815543798791)  (0.201753155684019,-0.422087568540190)
  (0.103525201324187,0.520086734046774)  (-0.528963168751197,0.000000000000000) (-0.934989128649452,-0.099346964389377)   (0.254137028479890,0.583160396581009)
 (0.020496671270184,-0.060815543798791)  (-0.934989128649452,0.099346964389377)  (-0.035550851516291,0.000000000000000)   (0.242709537683730,0.124025577235034)
  (0.201753155684019,0.422087568540190)  (0.254137028479890,-0.583160396581009)  (0.242709537683730,-0.124025577235034)  (0.116326963643833,-0.000000000000000)
  (0.601008347632628,0.000000000000000)  (-0.220989231087685,0.166830265950811)  (-0.516214716126312,0.469758148688933) (-0.262804956327222,-0.153953496817103)
(-0.220989231087685,-0.166830265950811)   (0.298158201377312,0.000000000000000)  (-0.527406380708632,0.224779802960047)   (0.530158384665561,0.015924518177485)
(-0.516214716126312,-0.469758148688933) (-0.527406380708632,-0.224779802960047)   (0.168586555717721,0.000000000000000)  (-0.389771587226607,0.104194659412574)
 (-0.262804956327222,0.153953496817103)  (0.530158384665561,-0.015924518177485) (-0.389771587226607,-0.104194659412574) (-1.067753104727660,-0.000000000000000)
  (0.522034097395473,0.000000000000000)  (0.369154762279885,-0.729568019083079)  (0.104027231994029,-0.234482876835662) (-0.145231689199443,-0.094870458814747)
  (0.369154762279885,0.729568019083079)  (-0.330700846793326,0.000000000000000) (-0.116880130211839,-0.416061210353859) (-0.087394727418585,-0.258701267473768)
  (0.104027231994029,0.234482876835662)  (-0.116880130211839,0.416061210353859)  (-0.452564212933977,0.000000000000000)  (-0.084833804788485,0.180515359264401)
 (-0.145231689199443,0.094870458814747)  (-0.087394727418585,0.258701267473768) (-0.084833804788485,-0.180515359264401)  (0.261230962331830,-0.000000000000000)
 (-0.248065068017172,0.000000000000000) (-0.181792427325193,-0.069665931175315)  (-0.061240955283796,0.205140568039495)  (-0.110552671686808,0.131223138049489)
 (-0.181792427325193,0.069665931175315)   (0.013074889455592,0.000000000000000)  (-0.014476320933581,0.118973535083443)  (0.596588458778723,-0.449767755288657)
(-0.061240955283796,-0.205140568039495) (-0.014476320933581,-0.118973535083443)  (-0.002101687652718,0.000000000000000)  (0.704057411195493,-0.226533638512265)
(-0.110552671686808,-0.131223138049489)   (0.596588458778723,0.449767755288657)   (0.704057411195493,0.226533638512265)  (0.237091866214298,-0.000000000000000)
 (-0.002690881535608,0.000000000000000)   (0.297008761722614,0.492268281160535)   (0.291403206323790,0.236346483845786)  (-0.399400190659584,0.137888607517908)
 (0.297008761722614,-0.492268281160535)   (0.051721917151278,0.000000000000000)   (0.091003352672542,0.446800760042033) (-0.031296418845637,-0.104868555011564)
 (0.291403206323790,-0.236346483845786)  (0.091003352672542,-0.446800760042033)  (-0.618001594743330,0.000000000000000)  (0.041450179649705,-0.059649938111118)
(-0.399400190659584,-0.137888607517908)  (-0.031296418845637,0.104868555011564)   (0.041450179649705,0.059649938111118)  (0.568970559127660,-0.000000000000000)
  (0.353639316528771,0.000000000000000) (-0.353859938388826,-0.450145574397064)  (0.528060759072771,-0.114617372917798)  (0.537841213926156,-0.412020735186549)
 (-0.353859938388826,0.450145574397064)   (0.675515486982544,0.000000000000000)   (0.548917671723713,0.045573394136857)  (0.360145872685655,-0.105490633715927)
  (0.528060759072771,0.114617372917798)  (0.548917671723713,-0.045573394136857)  (-0.079159330109563,0.000000000000000)   (0.201784566224103,0.026103472785819)
  (0.537841213926156,0.412020735186549)   (0.360145872685655,0.105490633715927)  (0.201784566224103,-0.026103472785819) (-0.949995473401751,-0.000000000000000)
  (0.426754715857406,0.000000000000000)   (0.028652137310504,0.425729585675273)  (-0.051543049205165,0.614811235527144) (-0.168822839554695,-0.000337439684266)
 (0.028652137310504,-0.425729585675273)   (0.247780972899099,0.000000000000000)  (0.014380108477448,-0.433462926960184)  (0.296352910852752,-0.899358627373313)
(-0.051543049205165,-0.614811235527144)   (0.014380108477448,0.433462926960184)   (0.569350819938756,0.000000000000000) (-0.199950982018279,-0.051025658017795)
 (-0.168822839554695,0.000337439684266)   (0.296352910852752,0.899358627373313)  (-0.199950982018279,0.051025658017795) (-1.243886508695260,-0.000000000000000)
 (-0.313527032949226,0.000000000000000)  (-0.027138815073106,0.365517302686399) (-0.360517743493364,-0.580398290503075)   (0.632903300531670,0.183337555065316)
(-0.027138815073106,-0.365517302686399)  (-0.318814286804729,0.000000000000000) (-0.089931965640650,-0.300022214517011)   (0.544043454308095,0.549834049087613)
 (-0.360517743493364,0.580398290503075)  (-0.089931965640650,0.300022214517011)  (-0.186106091384497,0.000000000000000)   (0.215471318942362,0.562267036510296)
 (0.632903300531670,-0.183337555065316)  (0.544043454308095,-0.549834049087613)  (0.215471318942362,-0.562267036510296)  (0.818447411138453,-0.000000000000000)
