 (-0.152207504923221,0.000000000000000)   (0.267937393366689,0.479499514986389)  (0.182076661662366,-0.090267203864663)  (-0.770835631059741,0.170888594497653)
 (0.267937393366689,-0.479499514986389)  (-0.315518537752708,0.000000000000000)  (0.474359617556248,-0.556415675517338) (-0.313118410094766,-0.288069853147036)
  (0.182076661662366,0.090267203864663)   (0.474359617556248,0.556415675517338)  (-0.283229754285198,0.000000000000000) (-0.256009978686223,-0.321285927748717)
(-0.770835631059741,-0.170888594497653)  (-0.313118410094766,0.288069853147036)  (-0.256009978686223,0.321285927748717)   (0.750955796951459,0.000000000000000)
 (-0.256417256239958,0.000000000000000)   (0.434346597506716,0.611146961997765)  (-0.714131639009747,0.398768641237898)  (0.693761240243569,-1.030629406890395)
 (0.434346597506716,-0.611146961997765)  (-0.900918602228506,0.000000000000000)  (0.556736372167739,-0.958968707936756)   (1.490581523824780,0.639803297274452)
(-0.714131639009747,-0.398768641237898)   (0.556736372167739,0.958968707936756)   (0.773859499681836,0.000000000000000)  (0.991224050012357,-0.402625953943828)
  (0.693761240243569,1.030629406890395)  (1.490581523824780,-0.639803297274452)   (0.991224050012357,0.402625953943828)   (0.383476358907472,0.000000000000000)
 (-1.009326323889675,0.000000000000000)  (-0.424206708164967,0.376249424296937)  (-0.340352011297541,0.095046420672532) (-0.873566814196525,-0.870095051567914)
(-0.424206708164967,-0.376249424296937)   (0.602189494949288,0.000000000000000) (-0.088565211477504,-0.656588948955102) (-0.209371317954795,-2.229794564582599)
(-0.340352011297541,-0.095046420672532)  (-0.088565211477504,0.656588948955102)  (-1.029289350375629,0.000000000000000)  (0.063710959840598,-0.536079766076857)
 (-0.873566814196525,0.870095051567914)  (-0.209371317954795,2.229794564582599)   (0.063710959840598,0.536079766076857)   (1.436426179200641,0.000000000000000)
 (-0.264648835617471,0.000000000000000)  (-0.500944246546707,0.008925059861943)  (-0.198215284964088,0.099108809974530)  (-0.136760576047480,0.235280843466222)
(-0.500944246546707,-0.008925059861943)  (-0.042808468503295,0.000000000000000) (-0.459737571896539,-0.513389086994604)  (0.175103592619104,-0.244922755272644)
(-0.198215284964088,-0.099108809974530)  (-0.459737571896539,0.513389086994604)   (0.038248906047942,0.000000000000000)   (0.819965615519663,0.676738585593763)
(-0.136760576047480,-0.235280843466222)   (0.175103592619104,0.244922755272644)  (0.819965615519663,-0.676738585593763)   (0.269208398040340,0.000000000000000)
 (-0.672094831550765,0.000000000000000)  (-0.588015285474016,0.115305888752625)  (-0.708369464021600,0.053176856168163)  (-0.058368952647374,1.253356548264576)
(-0.588015285474016,-0.115305888752625)  (-0.599068566221360,0.000000000000000)  (0.356827272760427,-0.017570286897709)  (-1.675605894610722,0.597586758160507)
(-0.708369464021600,-0.053176856168163)   (0.356827272760427,0.017570286897709)  (-0.725509933722667,0.000000000000000)  (0.695987680247588,-0.354993387107002)
(-0.058368952647374,-1.253356548264576) (-1.675605894610722,-0.597586758160507)   (0.695987680247588,0.354993387107002)   (1.996673331434351,0.000000000000000)
  (0.696908057577882,0.000000000000000)  (0.007633205471602,-0.282232395193695)   (0.200407328377521,0.893704634249771) (-1.128973211979179,-0.114836737864636)
  (0.007633205471602,0.282232395193695)  (-0.670567159588428,0.000000000000000) (-0.215470909451077,-0.311448328902800)  (0.121638103258492,-0.810576643130986)
 (0.200407328377521,-0.893704634249771)  (-0.215470909451077,0.311448328902800)  (-0.733765795211680,0.000000000000000)   (0.008354584653704,0.534169379811778)
 (-1.128973211979179,0.114836737864636)   (0.121638103258492,0.810576643130986)  (0.008354584653704,-0.534169379811778)   (0.707424897131374,0.000000000000000)
  (0.339166158036092,0.000000000000000) (-0.659376635478855,-0.405538236025614)  (-0.140910463987712,0.117712995917683)  (0.410877315718143,-0.242984703783892)
 (-0.659376635478855,0.405538236025614)  (-0.788754710366782,0.000000000000000)  (0.140255433175672,-0.477756362132402)   (0.819281723667785,0.680834088125850)
(-0.140910463987712,-0.117712995917683)   (0.140255433175672,0.477756362132402)  (-0.075516400776545,0.000000000000000)  (0.037397208920547,-0.540086411160251)
  (0.410877315718143,0.242984703783892)  (0.819281723667785,-0.680834088125850)   (0.037397208920547,0.540086411160251)   (0.525104953139722,0.000000000000000)
 (-0.014275171738395,0.000000000000000)  (0.281615170508458,-0.966838358779056)  (-0.174899687814602,0.569794432490709)  (-0.446093505971964,0.731006735880488)
  (0.281615170508458,0.966838358779056)   (0.026876145393079,0.000000000000000)  (-0.653213175019173,0.172854163830464) (-0.240939112878104,-0.792760944801209)
(-0.174899687814602,-0.569794432490709) (-0.653213175019173,-0.172854163830464)   (0.036149011529146,0.000000000000000)   (0.289668030674726,1.037316686683076)
(-0.446093505971964,-0.731006735880488)  (-0.240939112878104,0.792760944801209)  (0.289668030674726,-1.037316686683076)  (-0.048749985298832,0.000000000000000)
  (0.056814846047880,0.000000000000000)  (0.858161934312936,-0.579024325227169)  (0.244909829658846,-0.024830891292539)   (0.099996348703859,0.055465513297431)
  (0.858161934312936,0.579024325227169)   (0.117497213178766,0.000000000000000) (-0.638472837017764,-0.135533085693655)  (-0.285516655739379,0.450642149126648)
  (0.244909829658846,0.024830891292539)  (-0.638472837017764,0.135533085693655)   (0.894513958364620,0.000000000000000)  (0.504417664667819,-0.254825788337140)
 (0.099996348703859,-0.055465513297431) (-0.285516655739379,-0.450642149126648)   (0.504417664667819,0.254825788337140)  (-1.068826017574714,0.000000000000000)
