  (0.316283988125443,0.000000000000000) (-0.432734365268352,-0.561112235164871)  (0.366212947267600,-0.269032783933586)  (0.685981669106657,-0.075975317508268)
 (-0.432734365268352,0.561112235164871)   (0.021999107253615,0.000000000000000)  (-0.451164608349986,0.069228722123656)  (0.124899019544312,-0.127344459493425)
  (0.366212947267600,0.269032783933586) (-0.451164608349986,-0.069228722123656)  (-0.458628770483805,0.000000000000000)   (0.231412319199293,0.102956321146532)
  (0.685981669106657,0.075975317508268)   (0.124899019544312,0.127344459493425)  (0.231412319199293,-0.102956321146532)   (0.120345675127730,0.000000000000000)
  (0.114833026925362,0.000000000000000) (-0.299971376775158,-0.234976949176854)  (-0.274152099555193,0.474283422072084)   (0.225357079987599,0.178524804540487)
 (-0.299971376775158,0.234976949176854)   (0.702547124661540,0.000000000000000)   (0.183275714401638,0.454058127950095)   (0.057997224553233,0.257590027280681)
(-0.274152099555193,-0.474283422072084)  (0.183275714401638,-0.454058127950095)  (-0.132086654063959,0.000000000000000)  (0.221661492608338,-0.139343468863057)
 (0.225357079987599,-0.178524804540487)  (0.057997224553233,-0.257590027280681)   (0.221661492608338,0.139343468863057)  (-0.685293497531662,0.000000000000000)
 (-0.248609444272526,0.000000000000000) (-0.296968578884455,-0.692844005708155) (-0.141245211182049,-0.037238575228887)   (0.141467776346400,0.201069220911242)
 (-0.296968578884455,0.692844005708155)  (-0.097496890896954,0.000000000000000) (-0.033242208451309,-0.445713164141355)   (0.038369296822182,0.019247776622963)
 (-0.141245211182049,0.037238575228887)  (-0.033242208451309,0.445713164141355)   (0.331499763425186,0.000000000000000)  (-0.542570703214488,0.191841292775742)
 (0.141467776346400,-0.201069220911242)  (0.038369296822182,-0.019247776622963) (-0.542570703214488,-0.191841292775742)   (0.014606571761970,0.000000000000000)
 (-0.002536013555473,0.000000000000000)   (0.060685919269001,0.360698479401387)   (0.462378827146586,0.220279598499044)  (0.435456621271981,-0.206534715551427)
 (0.060685919269001,-0.360698479401387)  (-0.261154770453099,0.000000000000000)  (-0.241831541866719,0.138327106007484) (-0.267175799955531,-0.132549988203881)
 (0.462378827146586,-0.220279598499044) (-0.241831541866719,-0.138327106007484)  (-0.011091266216472,0.000000000000000) (-0.150678485771945,-0.259393355298188)
  (0.435456621271981,0.206534715551427)  (-0.267175799955531,0.132549988203881)  (-0.150678485771945,0.259393355298188)   (0.274782050207514,0.000000000000000)
 (-0.201041751199178,0.000000000000000)  (-0.055044035811751,0.061970925876743)   (0.084581989078113,0.101687026463123) (-0.015280005647893,-0.489787676554282)
(-0.055044035811751,-0.061970925876743)   (0.403940980039203,0.000000000000000)   (0.032722834725354,0.060042499007557)  (-0.088620801854070,0.034127165482084)
 (0.084581989078113,-0.101687026463123)  (0.032722834725354,-0.060042499007557)   (0.000830058387343,0.000000000000000)  (0.110900272518801,-0.084540354830514)
 (-0.015280005647893,0.489787676554282) (-0.088620801854070,-0.034127165482084)   (0.110900272518801,0.084540354830514)  (-0.203729287255087,0.000000000000000)
  (0.628361121598632,0.000000000000000) (-0.212464346112616,-0.046456444850833)  (-0.004613092058807,0.361199095112128)  (-0.266386640387660,0.081706671336990)
 (-0.212464346112616,0.046456444850833)  (-0.584163054595692,0.000000000000000)   (0.237771295462308,0.268438146969652)  (0.212109330340059,-0.257786313298534)
(-0.004613092058807,-0.361199095112128)  (0.237771295462308,-0.268438146969652)  (-0.042084219031576,0.000000000000000)  (-0.157157068079607,0.225193603605505)
(-0.266386640387660,-0.081706671336990)   (0.212109330340059,0.257786313298534) (-0.157157068079607,-0.225193603605505)  (-0.002113847995518,0.000000000000000)
  (0.037873413427847,0.000000000000000)   (0.279845329081300,0.032378936141129)  (0.008481621382549,-0.187430458316450)  (0.221528332457949,-0.378050126263714)
 (0.279845329081300,-0.032378936141129)  (-0.644883315526481,0.000000000000000)  (0.420618614761200,-0.273339852395011) (-0.356177476407420,-0.251004797002573)
  (0.008481621382549,0.187430458316450)   (0.420618614761200,0.273339852395011)   (0.210724081430188,0.000000000000000)   (0.075397726699810,0.491603729102775)
  (0.221528332457949,0.378050126263714)  (-0.356177476407420,0.251004797002573)  (0.075397726699810,-0.491603729102775)   (0.396285820677119,0.000000000000000)
  (0.671531233583445,0.000000000000000)   (0.243048195749225,0.411667742633022)  (-0.006244662297509,0.225540788571873)  (0.410476152689027,-0.135029871251818)
 (0.243048195749225,-0.411667742633022)  (-0.048833276955431,0.000000000000000) (-0.028030964310512,-0.236015845256705) (-0.242943768553938,-0.476367634598219)
(-0.006244662297509,-0.225540788571873)  (-0.028030964310512,0.236015845256705)  (-0.525669401856506,0.000000000000000) (-0.164148137557613,-0.221786638181716)
  (0.410476152689027,0.135029871251818)  (-0.242943768553938,0.476367634598219)  (-0.164148137557613,0.221786638181716)  (-0.097028554772205,0.000000000000000)
 (-0.157755901880471,0.000000000000000)   (0.023763772421281,0.096433140317112)  (0.024554412330107,-0.641981060031521)  (0.174232904439495,-0.095861020172017)
 (0.023763772421281,-0.096433140317112)  (-0.182044313756926,0.000000000000000)  (-0.090412258960058,0.060681397788459) (-0.120226070781725,-0.119708757693467)
  (0.024554412330107,0.641981060031521) (-0.090412258960058,-0.060681397788459)   (0.200417912156546,0.000000000000000)   (0.147056973414915,0.105553571875116)
  (0.174232904439495,0.095861020172017)  (-0.120226070781725,0.119708757693467)  (0.147056973414915,-0.105553571875116)   (0.139382303509845,0.000000000000000)
