  (0.322693073984254,0.000000000000000) (-0.412981020856274,-0.049519210318284)   (0.039133490178143,0.422992675684832)   (0.015860054741936,0.069508793823905)
 (-0.412981020856274,0.049519210318284)   (0.128008680237367,0.000000000000000)  (0.085029789573149,-0.271427998050085)  (-0.085946613248913,0.074431402345935)
 (0.039133490178143,-0.422992675684832)   (0.085029789573149,0.271427998050085)  (-0.266621965043838,0.000000000000000)  (0.415358515875589,-0.150645562576846)
 (0.015860054741936,-0.069508793823905) (-0.085946613248913,-0.074431402345935)   (0.415358515875589,0.150645562576846)  (-0.184079789308417,0.000000000000000)
 (-0.339303412932221,0.000000000000000) (-0.210220224485931,-0.002529730192173)  (0.031076711075635,-0.028155036043542)  (0.301417552927957,-0.016958151268570)
 (-0.210220224485931,0.002529730192173)  (-0.149815424359337,0.000000000000000)   (0.049261771245607,0.105614287080410)   (0.204738389694266,0.073411992843615)
  (0.031076711075635,0.028155036043542)  (0.049261771245607,-0.105614287080410)   (0.301856983521840,0.000000000000000)  (0.046775707514136,-0.507182043062942)
  (0.301417552927957,0.016958151268570)  (0.204738389694266,-0.073411992843615)   (0.046775707514136,0.507182043062942)   (0.187261853733626,0.000000000000000)
  (0.237818146825388,0.000000000000000)  (0.066750942833996,-0.320732475745904)   (0.152304080425261,0.198290717977966) (-0.144906875798077,-0.121636215899879)
  (0.066750942833996,0.320732475745904)  (-0.310068166700446,0.000000000000000)   (0.410923798965835,0.074948197488295)  (-0.522796292583024,0.557117027070294)
 (0.152304080425261,-0.198290717977966)  (0.410923798965835,-0.074948197488295)   (0.347287232605184,0.000000000000000)  (-0.181211592803159,0.130642232337611)
 (-0.144906875798077,0.121636215899879) (-0.522796292583024,-0.557117027070294) (-0.181211592803159,-0.130642232337611)  (-0.275037212669437,0.000000000000000)
 (-0.549522885938668,0.000000000000000) (-0.254660503256261,-0.194100194883045)  (0.165259388201699,-0.178574231873642)   (0.055728972991816,0.592668124349416)
 (-0.254660503256261,0.194100194883045)   (0.649183682419875,0.000000000000000)  (0.203396643392374,-0.117503480095720) (-0.123030578857758,-0.009411103240827)
  (0.165259388201699,0.178574231873642)   (0.203396643392374,0.117503480095720)  (-0.443808213675139,0.000000000000000)  (-0.709717502524618,0.812541414791282)
 (0.055728972991816,-0.592668124349416)  (-0.123030578857758,0.009411103240827) (-0.709717502524618,-0.812541414791282)   (0.344147417393043,0.000000000000000)
 (-0.054703571208888,0.000000000000000)   (0.033566505778922,0.092878882376106)   (0.541696761266543,0.300535249672689)  (0.053374139658269,-0.081659504411839)
 (0.033566505778922,-0.092878882376106)  (-0.081808151694384,0.000000000000000)  (0.145814726985123,-0.207144082345719)  (-0.102413380534461,0.430510164241779)
 (0.541696761266543,-0.300535249672689)   (0.145814726985123,0.207144082345719)   (0.048907789504339,0.000000000000000)   (0.205676678580032,0.169776319307628)
  (0.053374139658269,0.081659504411839) (-0.102413380534461,-0.430510164241779)  (0.205676678580032,-0.169776319307628)   (0.087603933461730,0.000000000000000)
 (-0.048714630937772,0.000000000000000)  (-0.144278946066324,0.068196667358162)  (-0.210120161290659,0.097307804856212)  (0.217779043258918,-0.262966517136209)
(-0.144278946066324,-0.068196667358162)   (0.613213513222174,0.000000000000000)  (0.148637577128877,-0.028799197431967)  (0.029384308982910,-0.147379145091856)
(-0.210120161290659,-0.097307804856212)   (0.148637577128877,0.028799197431967)  (-0.520428273589539,0.000000000000000)  (-0.334185167722664,0.017603044330849)
  (0.217779043258918,0.262966517136209)   (0.029384308982910,0.147379145091856) (-0.334185167722664,-0.017603044330849)  (-0.044070608736234,0.000000000000000)
 (-0.027093732077359,0.000000000000000)  (-0.028565027687800,0.176893988081319) (-0.053000136749866,-0.842233441311571) (-0.222898006384012,-0.064410626075921)
(-0.028565027687800,-0.176893988081319)  (-0.372582842979450,0.000000000000000)  (-0.089428902472838,0.394344200589778)  (-0.311711826341477,0.378879684672187)
 (-0.053000136749866,0.842233441311571) (-0.089428902472838,-0.394344200589778)  (-0.387980397394888,0.000000000000000)  (-0.033765812214925,0.368835840182941)
 (-0.222898006384012,0.064410626075921) (-0.311711826341477,-0.378879684672187) (-0.033765812214925,-0.368835840182941)   (0.787656972383966,0.000000000000000)
  (0.118485275969075,0.000000000000000)  (-0.382779820196235,0.369269027626269)  (-0.381010384125571,0.013781799496828)  (-0.001729287273460,0.057202506796317)
(-0.382779820196235,-0.369269027626269)  (-0.020918691548959,0.000000000000000)   (0.186357636123903,0.298906473704880) (-0.526782234896269,-0.025041479394034)
(-0.381010384125571,-0.013781799496828)  (0.186357636123903,-0.298906473704880)  (-0.131071876803471,0.000000000000000) (-0.023605077298207,-0.055787326096394)
(-0.001729287273460,-0.057202506796317)  (-0.526782234896269,0.025041479394034)  (-0.023605077298207,0.055787326096394)   (0.033505292417526,0.000000000000000)
  (0.124290635562462,0.000000000000000)  (0.143425893885515,-0.046261946427250)  (-0.034222864587489,0.215003766137144)  (-0.286886746197047,0.120436184070986)
  (0.143425893885515,0.046261946427250)  (-0.016894524086923,0.000000000000000)  (0.581808512436152,-0.115536242580241) (-0.211437173632126,-0.020819665574538)
(-0.034222864587489,-0.215003766137144)   (0.581808512436152,0.115536242580241)   (0.109171584497592,0.000000000000000) (-0.453223871975168,-0.038050765636089)
(-0.286886746197047,-0.120436184070986)  (-0.211437173632126,0.020819665574538)  (-0.453223871975168,0.038050765636089)  (-0.216567695900644,0.000000000000000)
