 (-0.627851821394008,0.000000000000000)   (0.167323148404089,0.227973939179566) (-0.156789649349518,-0.179266830537783)  (-0.064297363034229,0.293019425528736)
 (0.167323148404089,-0.227973939179566)   (0.079859991952866,0.000000000000000)  (-0.239870323084881,0.345242668978985)   (0.250815007291050,0.006613419106132)
 (-0.156789649349518,0.179266830537783) (-0.239870323084881,-0.345242668978985)   (0.401722111333332,0.000000000000000)  (-0.306376964406911,0.098412863078992)
(-0.064297363034229,-0.293019425528736)  (0.250815007291050,-0.006613419106132) (-0.306376964406911,-0.098412863078992)   (0.146269718107826,0.000000000000000)
  (0.330666386940061,0.000000000000000)   (0.275146639560960,0.100947859189684)  (-0.037775449665083,0.232420031571239)  (-0.226745069637181,0.144848279622157)
 (0.275146639560960,-0.100947859189684)  (-0.006067228665621,0.000000000000000)  (-0.063079196727551,0.008421687695973)  (-0.153291457539439,0.047531027418586)
(-0.037775449665083,-0.232420031571239) (-0.063079196727551,-0.008421687695973)  (-0.106665615608141,0.000000000000000)   (0.011684803909836,0.518837217853071)
(-0.226745069637181,-0.144848279622157) (-0.153291457539439,-0.047531027418586)  (0.011684803909836,-0.518837217853071)  (-0.217933542666250,0.000000000000000)
 (-0.247209455508487,0.000000000000000)   (0.098032243020074,0.228495312311022)  (0.025050331247388,-0.300569941776373)   (0.306848073385889,0.022938782499135)
 (0.098032243020074,-0.228495312311022)   (0.326265600847160,0.000000000000000)  (-0.251162496851871,0.151118011986040)  (0.455454668878726,-0.545722292057679)
  (0.025050331247388,0.300569941776373) (-0.251162496851871,-0.151118011986040)  (-0.171230597392636,0.000000000000000)  (0.257572089429469,-0.065876484334564)
 (0.306848073385889,-0.022938782499135)   (0.455454668878726,0.545722292057679)   (0.257572089429469,0.065876484334564)   (0.092174452053923,0.000000000000000)
  (0.218575953879626,0.000000000000000)  (0.007786239764452,-0.208664482552439)  (-0.429152626028795,0.077445459976033)  (0.110600298756974,-0.717118816688311)
  (0.007786239764452,0.208664482552439)  (-0.250657300570585,0.000000000000000)  (-0.522920578625742,0.299626417971380) (-0.015535563391816,-0.067489793861269)
(-0.429152626028795,-0.077445459976033) (-0.522920578625742,-0.299626417971380)   (0.453160565642438,0.000000000000000)  (0.623208943996600,-0.654208285217301)
  (0.110600298756974,0.717118816688311)  (-0.015535563391816,0.067489793861269)   (0.623208943996600,0.654208285217301)  (-0.421079218951398,0.000000000000000)
  (0.006972068145962,0.000000000000000) (-0.447978314790126,-0.148777042294876) (-0.701739425222959,-0.266573156862489)  (-0.042456883285922,0.149492157307820)
 (-0.447978314790126,0.148777042294876)   (0.284291331333371,0.000000000000000)   (0.024381495148583,0.269167197482087)  (0.228393527187648,-0.516288601477570)
 (-0.701739425222959,0.266573156862489)  (0.024381495148583,-0.269167197482087)  (-0.332169817737683,0.000000000000000) (-0.053532322890732,-0.299192263563939)
(-0.042456883285922,-0.149492157307820)   (0.228393527187648,0.516288601477570)  (-0.053532322890732,0.299192263563939)   (0.040906418258401,0.000000000000000)
 (-0.266430842139269,0.000000000000000)   (0.134159879696154,0.052066690213915)   (0.150300753128113,0.032293247056648)  (-0.281643785763168,0.344200186384457)
 (0.134159879696154,-0.052066690213915)  (-0.340766059527803,0.000000000000000) (-0.386918786010723,-0.111555689821043)   (0.037029869643424,0.315404741151974)
 (0.150300753128113,-0.032293247056648)  (-0.386918786010723,0.111555689821043)   (0.497527194679494,0.000000000000000)   (0.167865420389676,0.055707172985010)
(-0.281643785763168,-0.344200186384457)  (0.037029869643424,-0.315404741151974)  (0.167865420389676,-0.055707172985010)   (0.109669706987665,0.000000000000000)
  (0.311253202165539,0.000000000000000)  (0.366486553231706,-0.174250771223746)  (-0.091727877080400,0.954779741585365)   (0.136617965886510,0.145019318181366)
  (0.366486553231706,0.174250771223746)   (0.215764070347731,0.000000000000000)  (0.158996297011022,-0.096908133090906)  (0.152737610115943,-0.459332026491249)
(-0.091727877080400,-0.954779741585365)   (0.158996297011022,0.096908133090906)   (0.297314892711062,0.000000000000000)  (0.282886605427531,-0.145815823703034)
 (0.136617965886510,-0.145019318181366)   (0.152737610115943,0.459332026491249)   (0.282886605427531,0.145815823703034)  (-0.824332165224232,0.000000000000000)
 (-0.023122534967051,0.000000000000000)  (0.297030047503343,-0.479432543176963)  (0.148885568327706,-0.049331401755781)   (0.001872532656585,0.121461859064787)
  (0.297030047503343,0.479432543176963)   (0.156465045443663,0.000000000000000) (-0.091566362986574,-0.290050038462994)  (0.475205251858802,-0.195077850542030)
  (0.148885568327706,0.049331401755781)  (-0.091566362986574,0.290050038462994)  (-0.090865067336748,0.000000000000000) (-0.125854997335097,-0.008581532010330)
 (0.001872532656585,-0.121461859064787)   (0.475205251858802,0.195077850542030)  (-0.125854997335097,0.008581532010330)  (-0.042477443139866,0.000000000000000)
 (-0.123387524367877,0.000000000000000)  (-0.171166121664076,0.062484855776568) (-0.086926869269110,-0.422974827692274)  (0.390971165402898,-0.099452565140944)
(-0.171166121664076,-0.062484855776568)   (0.178467192176297,0.000000000000000)  (-0.526790082261092,0.313623287628229)   (0.243382188958132,0.109207835447082)
 (-0.086926869269110,0.422974827692274) (-0.526790082261092,-0.313623287628229)  (-0.191351677320835,0.000000000000000)   (0.650921986657829,0.141639794768168)
  (0.390971165402898,0.099452565140944)  (0.243382188958132,-0.109207835447082)  (0.650921986657829,-0.141639794768168)   (0.136272009512355,0.000000000000000)
