(0.029934,0)(-0.0473192,0.0660149)(-0.142372,0.213801)(0.227504,-0.070029)
(-0.0473192,-0.0660149)(-0.194015,0)(-0.175389,0.0120892)(-0.172705,0.140542)
(-0.142372,-0.213801)(-0.175389,-0.0120892)(-0.160226,0)(0.198646,-0.0240043)
(0.227504,0.070029)(-0.172705,-0.140542)(0.198646,0.0240043)(0.324307,0)
(0.0786778,0)(0.132089,-0.275044)(-0.0981481,0.142418)(-0.0181746,-0.0517)
(0.132089,0.275044)(-0.0981963,0)(0.0116835,0.0386159)(0.0242876,0.0682886)
(-0.0981481,-0.142418)(0.0116835,-0.0386159)(0.213077,0)(0.0319797,0.145548)
(-0.0181746,0.0517)(0.0242876,-0.0682886)(0.0319797,-0.145548)(-0.193559,0)
(-0.0198087,0)(-0.309636,0.310093)(-0.0319277,0.0122628)(0.0248344,0.0676938)
(-0.309636,-0.310093)(0.123592,0)(-0.250371,-0.17228)(-0.307341,-0.141214)
(-0.0319277,-0.0122628)(-0.250371,0.17228)(-0.0102068,0)(0.217848,0.0505836)
(0.0248344,-0.0676938)(-0.307341,0.141214)(0.217848,-0.0505836)(-0.0935767,0)
(-0.182536,0)(0.445667,0.217167)(0.0266146,0.186855)(-0.118224,-0.201881)
(0.445667,-0.217167)(0.188665,0)(-0.0872787,0.0789448)(-0.245795,0.24227)
(0.0266146,-0.186855)(-0.0872787,-0.0789448)(-0.14441,0)(-0.437421,-0.0511342)
(-0.118224,0.201881)(-0.245795,-0.24227)(-0.437421,0.0511342)(0.138281,0)
(0.0206442,0)(0.217742,0.0893545)(0.160888,0.0369296)(0.0156763,0.179752)
(0.217742,-0.0893545)(-0.117036,0)(-0.0226333,0.0924853)(0.070029,-0.0555151)
(0.160888,-0.0369296)(-0.0226333,-0.0924853)(-0.200147,0)(-0.235129,0.0571045)
(0.0156763,-0.179752)(0.070029,0.0555151)(-0.235129,-0.0571045)(0.296539,0)
(-0.223608,0)(0.0149906,0.0515487)(-0.128262,0.0384946)(-0.00230155,-0.319267)
(0.0149906,-0.0515487)(0.248393,0)(0.0374519,-0.257154)(0.0831067,0.0178266)
(-0.128262,-0.0384946)(0.0374519,0.257154)(-0.115493,0)(-0.0160287,0.0790681)
(-0.00230155,0.319267)(0.0831067,-0.0178266)(-0.0160287,-0.0790681)(0.0907088,0)
(-0.178794,0)(0.206589,-0.15583)(0.138914,-0.245284)(0.0578543,-0.105753)
(0.206589,0.15583)(0.274652,0)(0.0762128,-0.266996)(-0.0366633,0.140314)
(0.138914,0.245284)(0.0762128,0.266996)(-0.139661,0)(0.229141,-0.0181523)
(0.0578543,0.105753)(-0.0366633,-0.140314)(0.229141,0.0181523)(0.0438038,0)
(0.167301,0)(-0.127633,0.12882)(-0.235215,-0.205227)(0.161725,-0.190223)
(-0.127633,-0.12882)(-0.153021,0)(0.0104711,-0.158815)(0.0355546,-0.193239)
(-0.235215,0.205227)(0.0104711,0.158815)(-0.251425,0)(-0.0272257,0.114446)
(0.161725,0.190223)(0.0355546,0.193239)(-0.0272257,-0.114446)(0.237145,0)
(-0.225145,0)(-0.123036,-0.198844)(0.072633,-0.247677)(-0.0842251,0.102799)
(-0.123036,0.198844)(0.0714985,0)(-0.0126571,-0.0105119)(-0.199289,0.153974)
(0.072633,0.247677)(-0.0126571,0.0105119)(0.178476,0)(0.0871051,-0.24818)
(-0.0842251,-0.102799)(-0.199289,-0.153974)(0.0871051,0.24818)(-0.0248297,0)

