  (-3.993037159158420,0.000000000000000)   (-0.486607182352152,3.113300498654284)  (2.148818376160362,-12.064488705540544)    (6.353081541657709,2.081943562829719)
 (-0.486607182352152,-3.113300498654284)   (-1.700004509272636,0.000000000000000)  (-5.387358539731998,-2.585601445462396)  (-4.383260768967272,11.710274945493416)
  (2.148818376160362,12.064488705540544)   (-5.387358539731998,2.585601445462396)    (3.624049864962735,0.000000000000000)    (2.585252141145957,6.508210008173252)
  (6.353081541657709,-2.081943562829719) (-4.383260768967272,-11.710274945493416)   (2.585252141145957,-6.508210008173252)    (2.068991803468321,0.000000000000000)
 (12.697739034300846,0.000000000000000)  (-0.418693766558297,2.906377599728841)  (6.574838283105247,-9.982615324467647)  (-1.301801249635410,4.686576069582515)
(-0.418693766558297,-2.906377599728841)   (5.577177987069810,0.000000000000000)  (2.507034979363198,-1.127373305895296)  (-2.132066842080398,3.412960014358000)
  (6.574838283105247,9.982615324467647)   (2.507034979363198,1.127373305895296)  (-4.631813750260699,0.000000000000000)  (-0.427350553523814,0.335486698096309)
(-1.301801249635410,-4.686576069582515) (-2.132066842080398,-3.412960014358000) (-0.427350553523814,-0.335486698096309) (-13.643103271109958,0.000000000000000)
  (6.144385390666996,0.000000000000000)  (4.581546164380926,-2.383455055930749)  (3.431279469130636,-8.965321206450718)   (3.510596172993566,4.688056181590679)
  (4.581546164380926,2.383455055930749)   (5.535015064870997,0.000000000000000)  (-4.719591489750887,2.386652500002627) (-5.692202847273186,-0.892190712867694)
  (3.431279469130636,8.965321206450718) (-4.719591489750887,-2.386652500002627)   (3.712300854575403,0.000000000000000)   (7.594790502186866,0.081790103387231)
 (3.510596172993566,-4.688056181590679)  (-5.692202847273186,0.892190712867694)  (7.594790502186866,-0.081790103387231) (-15.391701310113396,0.000000000000000)
  (2.998904674620460,0.000000000000000)   (0.469345952562825,6.580912961135550) (-0.560693308844566,-2.107301191350870)  (-7.146857855920267,8.252646528173629)
 (0.469345952562825,-6.580912961135550)  (-2.884127423019672,0.000000000000000) (-6.716459172866341,-1.992895928547383)  (0.249432715772510,-9.400934657280828)
 (-0.560693308844566,2.107301191350870)  (-6.716459172866341,1.992895928547383)  (-2.647716140842535,0.000000000000000)  (-9.259665139412465,4.544993395163917)
(-7.146857855920267,-8.252646528173629)   (0.249432715772510,9.400934657280828) (-9.259665139412465,-4.544993395163917)   (2.532938889241747,0.000000000000000)
(-11.198016023444695,0.000000000000000)  (1.004680964664039,-2.718389456607032)  (6.629145323515392,-3.126423852242301) (-9.814664340879394,-3.217603067236099)
  (1.004680964664039,2.718389456607032)  (-1.879931956299437,0.000000000000000)  (4.480306921345540,-1.076215760957220)  (-1.021281579482179,5.579340971366897)
  (6.629145323515392,3.126423852242301)   (4.480306921345540,1.076215760957220)   (6.752862160335235,0.000000000000000)   (4.272106347695730,0.124816919214516)
 (-9.814664340879394,3.217603067236099) (-1.021281579482179,-5.579340971366897)  (4.272106347695730,-0.124816919214516)   (6.325085819408897,0.000000000000000)
  (2.274599915017129,0.000000000000000) (-3.734693774543144,-6.161370208089171) (-3.340749798853509,-5.251588231883935)  (9.576710112003118,-1.959178599426236)
 (-3.734693774543144,6.161370208089171)  (-2.121438239901752,0.000000000000000)  (-3.875310815017345,3.789766599751651) (-1.271710850381662,-0.996469077419500)
 (-3.340749798853509,5.251588231883935) (-3.875310815017345,-3.789766599751651)   (5.804550687770432,0.000000000000000)  (-5.642926080006593,6.173284086289669)
  (9.576710112003118,1.959178599426236)  (-1.271710850381662,0.996469077419500) (-5.642926080006593,-6.173284086289669)  (-5.957712362885809,0.000000000000000)
 (12.000355920561483,0.000000000000000) (-0.686293953560262,-2.353843129127620)  (0.832036753147023,-3.121596893715128) (6.584028680642138,-13.802647882782090)
 (-0.686293953560262,2.353843129127620)   (5.203717663045161,0.000000000000000)  (-1.970678034134981,2.303523741218039)   (8.357285468308640,3.277272196472113)
  (0.832036753147023,3.121596893715128) (-1.970678034134981,-2.303523741218039) (-10.018397003345116,0.000000000000000)   (4.745810912702460,2.358165005783114)
 (6.584028680642138,13.802647882782090)  (8.357285468308640,-3.277272196472113)  (4.745810912702460,-2.358165005783114)  (-7.185676580261528,0.000000000000000)
  (3.722801964142801,0.000000000000000) (11.418270143797915,-0.446956831265824)   (9.275846075083037,3.987766129112054)  (10.496156517499941,2.888190771140316)
 (11.418270143797915,0.446956831265824)   (0.797436942841969,0.000000000000000) (-0.068150785695334,-3.586145939532715) (-5.206672841452998,-7.397327775708382)
 (9.275846075083037,-3.987766129112054)  (-0.068150785695334,3.586145939532715)  (-8.970371437530548,0.000000000000000)   (7.984123972552581,7.733060985884738)
(10.496156517499941,-2.888190771140316)  (-5.206672841452998,7.397327775708382)  (7.984123972552581,-7.733060985884738)   (4.450132530545778,0.000000000000000)
 (-1.688574825955818,0.000000000000000)   (0.355017709400934,5.907719967825087)  (-7.996134776694859,3.142657122784233)  (11.548490420320813,1.755146108664817)
 (0.355017709400934,-5.907719967825087)  (-6.099947400135044,0.000000000000000)  (-2.149952308748334,3.392827766490101)  (-4.239057251852187,3.464274257738675)
(-7.996134776694859,-3.142657122784233) (-2.149952308748334,-3.392827766490101)  (-6.775105438916267,0.000000000000000)   (0.462472590923437,3.132087142586037)
(11.548490420320813,-1.755146108664817) (-4.239057251852187,-3.464274257738675)  (0.462472590923437,-3.132087142586037)  (14.563627665007129,0.000000000000000)
