  (0.367296305667510,0.000000000000000)   (0.509464386363636,0.073063298787440)  (-1.132954590613411,1.170046777755116)  (0.682870331654430,-0.358008557699565)
 (0.509464386363636,-0.073063298787440)  (-2.581092905381060,0.000000000000000) (-2.125135110490289,-1.015102015932786)   (2.435575322579876,2.229494538055254)
(-1.132954590613411,-1.170046777755116)  (-2.125135110490289,1.015102015932786)   (1.266653928238314,0.000000000000000)  (-0.552755015299957,0.493153256933167)
  (0.682870331654430,0.358008557699565)  (2.435575322579876,-2.229494538055254) (-0.552755015299957,-0.493153256933167)   (0.947142671475235,0.000000000000000)
  (1.012192332751906,0.000000000000000)  (0.413468462161257,-0.456615659579866)  (-2.141026414348953,0.036350007463774)  (-0.281954591159669,0.070206178853515)
  (0.413468462161257,0.456615659579866)  (-0.112703090095580,0.000000000000000)  (1.460654647921558,-0.238012432533049)  (0.078484781490281,-0.916513612075823)
(-2.141026414348953,-0.036350007463774)   (1.460654647921558,0.238012432533049)  (-0.761600392545906,0.000000000000000)  (0.141568557186312,-0.112733634554676)
(-0.281954591159669,-0.070206178853515)   (0.078484781490281,0.916513612075823)   (0.141568557186312,0.112733634554676)  (-0.137888850110419,0.000000000000000)
  (1.458212424907521,0.000000000000000)  (0.713576310787816,-0.276862373280212)  (-0.484368800842011,2.032646509292330)  (-1.183192195041399,0.601209540803067)
  (0.713576310787816,0.276862373280212)   (0.736247444637289,0.000000000000000) (-0.580339696121445,-0.538989436115227)   (1.702167555659787,0.393791011739061)
(-0.484368800842011,-2.032646509292330)  (-0.580339696121445,0.538989436115227)  (-0.679380178271698,0.000000000000000)   (0.640314925271783,0.515933718415774)
(-1.183192195041399,-0.601209540803067)  (1.702167555659787,-0.393791011739061)  (0.640314925271783,-0.515933718415774)  (-1.515079691273112,0.000000000000000)
 (-1.073148500918626,0.000000000000000)   (0.406262086606744,0.272770906867806)  (1.872391343262470,-0.642385568184973) (-0.386201788043761,-3.302830063947841)
 (0.406262086606744,-0.272770906867806)   (1.194050311032172,0.000000000000000) (-1.367427610372702,-2.294745922604401)  (0.732066538374013,-0.995272972590096)
  (1.872391343262470,0.642385568184973)  (-1.367427610372702,2.294745922604401)  (-0.518053408476405,0.000000000000000)   (2.465086827651929,0.223239966647401)
 (-0.386201788043761,3.302830063947841)   (0.732066538374013,0.995272972590096)  (2.465086827651929,-0.223239966647401)   (0.397151598362859,0.000000000000000)
  (0.546510167751282,0.000000000000000)  (1.578657308082097,-0.662762952439415) (-2.445919373655036,-1.023971824401791) (-1.293199306654092,-0.831547404254516)
  (1.578657308082097,0.662762952439415)   (0.022694138334025,0.000000000000000)  (0.296232267391186,-1.446802938275260) (-2.341391203587509,-1.014696688344764)
 (-2.445919373655036,1.023971824401791)   (0.296232267391186,1.446802938275260)  (-2.156131686880370,0.000000000000000)  (-0.859344563096660,0.480899959461333)
 (-1.293199306654092,0.831547404254516)  (-2.341391203587509,1.014696688344764) (-0.859344563096660,-0.480899959461333)   (1.586927380795063,0.000000000000000)
 (-1.942230024986090,0.000000000000000)  (-0.993938562705923,2.298226420056372)   (0.264242798765069,0.143389925500835)  (1.880597191713528,-1.840339314559602)
(-0.993938562705923,-2.298226420056372)  (-0.412839237001395,0.000000000000000)  (0.332352252965223,-0.339897361371580)   (1.476727519150638,0.010161425309589)
 (0.264242798765069,-0.143389925500835)   (0.332352252965223,0.339897361371580)   (1.271264468120594,0.000000000000000)   (1.134665912984612,0.025368878784465)
  (1.880597191713528,1.840339314559602)  (1.476727519150638,-0.010161425309589)  (1.134665912984612,-0.025368878784465)   (1.083804793866891,0.000000000000000)
 (-0.988472506039613,0.000000000000000)  (-1.655929096186079,0.919113700379754) (-1.259473869972643,-0.972170216898462)   (0.985695393776990,0.709294533557675)
(-1.655929096186079,-0.919113700379754)   (1.996156518049570,0.000000000000000) (-2.553475408231158,-0.941773092980313)  (0.225520531831487,-2.292674965635140)
 (-1.259473869972643,0.972170216898462)  (-2.553475408231158,0.941773092980313)   (0.756279575542739,0.000000000000000)   (0.907842350930436,1.315923708858098)
 (0.985695393776990,-0.709294533557675)   (0.225520531831487,2.292674965635140)  (0.907842350930436,-1.315923708858098)  (-1.763963587552697,0.000000000000000)
 (-0.533590877648047,0.000000000000000)  (1.016728704824704,-0.422302600491254)   (0.574220088762542,0.250514233424196) (-0.909185287329452,-0.043729569449404)
  (1.016728704824704,0.422302600491254)   (2.788158608534609,0.000000000000000)  (-0.519714546307996,0.753481877155248) (-2.939592796461889,-1.459567001570552)
 (0.574220088762542,-0.250514233424196) (-0.519714546307996,-0.753481877155248)  (-3.086465371048791,0.000000000000000)  (-0.775882484795259,0.411545318245054)
 (-0.909185287329452,0.043729569449404)  (-2.939592796461889,1.459567001570552) (-0.775882484795259,-0.411545318245054)   (0.831897640162228,0.000000000000000)
  (0.497323966215589,0.000000000000000) (-1.989284965380169,-0.753337191672653) (-0.622411447477021,-0.665836400739006)  (1.911314824147848,-0.237659349672472)
 (-1.989284965380169,0.753337191672653)  (-2.204540754049519,0.000000000000000)  (1.127819255991520,-1.606185588766240)  (-1.101871771872396,1.120036348261548)
 (-0.622411447477021,0.665836400739006)   (1.127819255991520,1.606185588766240)   (0.435769371533416,0.000000000000000)   (0.058813894865829,0.610488138798618)
  (1.911314824147848,0.237659349672472) (-1.101871771872396,-1.120036348261548)  (0.058813894865829,-0.610488138798618)   (1.271447416300513,0.000000000000000)
