(0.27572,0)(0.0947352,0.371404)(-0.227272,-0.53597)(0.0817724,-0.224046)
(0.0947352,-0.371404)(-0.0615737,0)(0.358063,0.250447)(-0.262503,0.11131)
(-0.227272,0.53597)(0.358063,-0.250447)(-0.198001,0)(0.140124,-0.112768)
(0.0817724,0.224046)(-0.262503,-0.11131)(0.140124,0.112768)(-0.0161461,0)
(0.161808,0)(0.114285,-0.362016)(-0.217756,-0.095476)(-0.100262,-0.29526)
(0.114285,0.362016)(-0.528736,0)(-0.0594316,-0.2983)(-0.345746,-0.373831)
(-0.217756,0.095476)(-0.0594316,0.2983)(0.629737,0)(-0.419412,0.273073)
(-0.100262,0.29526)(-0.345746,0.373831)(-0.419412,-0.273073)(-0.262809,0)
(0.243139,0)(0.132459,-0.157694)(0.170045,-0.0120624)(0.116257,0.0487878)
(0.132459,0.157694)(0.332901,0)(0.0114164,-0.241444)(-0.645971,-0.237202)
(0.170045,0.0120624)(0.0114164,0.241444)(-0.328452,0)(0.0578852,-0.154967)
(0.116257,-0.0487878)(-0.645971,0.237202)(0.0578852,0.154967)(-0.247588,0)
(0.498565,0)(0.295021,-0.0718408)(0.314225,-0.395649)(0.696386,0.0587225)
(0.295021,0.0718408)(-0.29009,0)(-0.540766,0.0741062)(-0.319537,-0.121836)
(0.314225,0.395649)(-0.540766,-0.0741062)(0.138648,0)(-0.226827,0.179493)
(0.696386,-0.0587225)(-0.319537,0.121836)(-0.226827,-0.179493)(-0.347124,0)
(-0.35249,0)(0.0680464,0.0206963)(0.20098,0.0661927)(-0.234445,-0.0423984)
(0.0680464,-0.0206963)(0.139719,0)(-0.410863,0.508461)(0.20165,-0.431719)
(0.20098,-0.0661927)(-0.410863,-0.508461)(-0.0956344,0)(-0.116746,-0.0737958)
(-0.234445,0.0423984)(0.20165,0.431719)(-0.116746,0.0737958)(0.308406,0)
(-0.21535,0)(0.254422,-0.465497)(-0.0218468,-0.19183)(0.129704,-0.113185)
(0.254422,0.465497)(0.287799,0)(-0.843665,-0.121295)(0.50991,-0.400016)
(-0.0218468,0.19183)(-0.843665,0.121295)(-0.0153806,0)(0.303264,-0.441808)
(0.129704,0.113185)(0.50991,0.400016)(0.303264,0.441808)(-0.0570681,0)
(0.0761744,0)(0.0916594,0.456143)(-0.158653,-0.0968295)(0.27444,-0.354724)
(0.0916594,-0.456143)(0.608238,0)(-0.0959047,-9.40858e-005)(0.174395,0.0972329)
(-0.158653,0.0968295)(-0.0959047,9.40858e-005)(-0.270574,0)(0.383586,-0.0829187)
(0.27444,0.354724)(0.174395,-0.0972329)(0.383586,0.0829187)(-0.413838,0)
(0.246725,0)(0.603202,0.0213274)(-0.291442,0.014548)(-0.241679,-0.366967)
(0.603202,-0.0213274)(-0.158358,0)(-0.0466071,0.391654)(-0.243486,-0.127082)
(-0.291442,-0.014548)(-0.0466071,-0.391654)(-0.179562,0)(0.749602,0.00849888)
(-0.241679,0.366967)(-0.243486,0.127082)(0.749602,-0.00849888)(0.0911947,0)
(-0.0812729,0)(-0.230489,0.140185)(0.0617844,0.516951)(-0.435431,-0.14161)
(-0.230489,-0.140185)(0.0970366,0)(0.0743545,-0.0234061)(0.0920194,-0.11213)
(0.0617844,-0.516951)(0.0743545,0.0234061)(-0.129292,0)(0.230133,-0.0402294)
(-0.435431,0.14161)(0.0920194,0.11213)(0.230133,0.0402294)(0.113528,0)